Time Stamp,CL_Concepción_UDEC,CL_Copiapó_UDA,CL_Curicó_UTALCA,CL_Santiago_USACH,CIO,Potencia,Inicio
2022-11-23 23:54:30.000000,50.127116,50.126899,50.126207,50.125986,50.126552000000004,240,3225
2022-11-23 23:54:30.020000,50.127116,50.126899,50.126207,50.125986,50.126552000000004,240,3225
2022-11-23 23:54:30.040000,50.127148,50.125817,50.127172,50.125787,50.126481,240,3225
2022-11-23 23:54:30.060000,50.126543,50.125465,50.127414,50.125852,50.1263185,240,3225
2022-11-23 23:54:30.080000,50.126538,50.126174,50.126569,50.126435,50.126429,240,3225
2022-11-23 23:54:30.100000,50.126684,50.126236,50.126029,50.124815,50.125941,240,3225
2022-11-23 23:54:30.120000,50.12632,50.125877,50.126011,50.12663,50.1262095,240,3225
2022-11-23 23:54:30.140000,50.125477,50.125823,50.125479,50.126398,50.12579425,240,3225
2022-11-23 23:54:30.160000,50.125199,50.125772,50.124332,50.125018,50.125080249999996,240,3225
2022-11-23 23:54:30.180000,50.125323,50.125904,50.12381,50.12631,50.125336749999995,240,3225
2022-11-23 23:54:30.200000,50.124778,50.125129,50.123956,50.124996,50.12471475,240,3225
2022-11-23 23:54:30.220000,50.123797,50.123042,50.124131,50.123546,50.123629,240,3225
2022-11-23 23:54:30.240000,50.123754,50.122399,50.124419,50.123352,50.123481,240,3225
2022-11-23 23:54:30.260000,50.124203,50.123933,50.124368,50.122907,50.12385275,240,3225
2022-11-23 23:54:30.280000,50.123875,50.124737,50.124096,50.124481,50.124297250000005,240,3225
2022-11-23 23:54:30.300000,50.123644,50.124269,50.123649,50.122445,50.123501749999996,240,3225
2022-11-23 23:54:30.320000,50.124185,50.124713,50.122864,50.126861,50.124655749999995,240,3225
2022-11-23 23:54:30.340000,50.123824,50.125032,50.12208,50.123277,50.12355324999999,240,3225
2022-11-23 23:54:30.360000,50.122875,50.12447,50.121985,50.124083,50.123353249999994,240,3225
2022-11-23 23:54:30.380000,50.1225,50.124777,50.122699,50.122907,50.12322075,240,3225
2022-11-23 23:54:30.400000,50.122731,50.125812,50.123328,50.123973,50.123961,240,3225
2022-11-23 23:54:30.420000,50.123087,50.125402,50.123876,50.125176,50.12438525,240,3225
2022-11-23 23:54:30.440000,50.123226,50.123973,50.123396,50.123454,50.12351225,240,3225
2022-11-23 23:54:30.460000,50.12282,50.123758,50.122491,50.122508,50.12289425,240,3225
2022-11-23 23:54:30.480000,50.121855,50.125119,50.122584,50.121686,50.122811,240,3225
2022-11-23 23:54:30.500000,50.11988,50.125661,50.123051,50.122806,50.1228495,240,3225
2022-11-23 23:54:30.520000,50.119689,50.125097,50.12288,50.123194,50.122715,240,3225
2022-11-23 23:54:30.540000,50.122301,50.124495,50.121861,50.121685,50.1225855,240,3225
2022-11-23 23:54:30.560000,50.123574,50.124037,50.121979,50.12399,50.123395,240,3225
2022-11-23 23:54:30.580000,50.12276,50.123644,50.122584,50.12412,50.123277,240,3225
2022-11-23 23:54:30.600000,50.122337,50.123944,50.122484,50.122713,50.1228695,240,3225
2022-11-23 23:54:30.620000,50.12199,50.124574,50.122419,50.122491,50.1228685,240,3225
2022-11-23 23:54:30.640000,50.121449,50.124616,50.122181,50.123824,50.1230175,240,3225
2022-11-23 23:54:30.660000,50.122047,50.123787,50.122556,50.121019,50.12235225,240,3225
2022-11-23 23:54:30.680000,50.123299,50.122866,50.123261,50.122462,50.122972000000004,240,3225
2022-11-23 23:54:30.700000,50.123329,50.12238,50.12331,50.122148,50.122791750000005,240,3225
2022-11-23 23:54:30.720000,50.123055,50.123337,50.123421,50.121213,50.122756499999994,240,3225
2022-11-23 23:54:30.740000,50.123314,50.124685,50.123874,50.123602,50.12386875,240,3225
2022-11-23 23:54:30.760000,50.122824,50.124759,50.123476,50.122768,50.12345675,240,3225
2022-11-23 23:54:30.780000,50.121912,50.123176,50.121902,50.121676,50.122166500000006,240,3225
2022-11-23 23:54:30.800000,50.122319,50.121935,50.121379,50.122065,50.1219245,240,3225
2022-11-23 23:54:30.820000,50.122967,50.122241,50.121568,50.122824,50.122400000000006,240,3225
2022-11-23 23:54:30.840000,50.122362,50.123125,50.121809,50.122902,50.122549500000005,240,3225
2022-11-23 23:54:30.860000,50.12164,50.123435,50.122332,50.123176,50.122645750000004,240,3225
2022-11-23 23:54:30.880000,50.121398,50.12287,50.122651,50.121963,50.1222205,240,3225
2022-11-23 23:54:30.900000,50.121079,50.122023,50.122922,50.120283,50.121576749999996,240,3225
2022-11-23 23:54:30.920000,50.121495,50.12225,50.123285,50.122069,50.12227475,240,3225
2022-11-23 23:54:30.940000,50.121963,50.122564,50.12321,50.121093,50.1222075,240,3225
2022-11-23 23:54:30.960000,50.122273,50.122667,50.122261,50.12125,50.12211275,240,3225
2022-11-23 23:54:30.980000,50.122773,50.123106,50.121345,50.12213,50.1223385,240,3225
2022-11-23 23:54:31.000000,50.122014,50.122787,50.121303,50.122315,50.122104750000005,240,3225
2022-11-23 23:54:31.020000,50.120759,50.121316,50.12157,50.121829,50.121368499999996,240,3225
2022-11-23 23:54:31.040000,50.121356,50.120616,50.121932,50.122523,50.12160675,240,3225
2022-11-23 23:54:31.060000,50.12219,50.121574,50.122296,50.12219,50.1220625,240,3225
2022-11-23 23:54:31.080000,50.122264,50.122217,50.122773,50.122108,50.1223405,240,3225
2022-11-23 23:54:31.100000,50.122843,50.121968,50.123223,50.12219,50.122556,240,3225
2022-11-23 23:54:31.120000,50.12394,50.121537,50.12304,50.121282,50.12244975,240,3225
2022-11-23 23:54:31.140000,50.124106,50.121545,50.122476,50.121491,50.122404499999995,240,3225
2022-11-23 23:54:31.160000,50.123431,50.121778,50.121618,50.121954,50.122195250000004,240,3225
2022-11-23 23:54:31.180000,50.121995,50.121973,50.121461,50.120856,50.12157125,240,3225
2022-11-23 23:54:31.200000,50.121235,50.121991,50.121484,50.12208,50.121697499999996,240,3225
2022-11-23 23:54:31.220000,50.121593,50.121634,50.121374,50.121523,50.121531,240,3225
2022-11-23 23:54:31.240000,50.122394,50.121773,50.121814,50.12293,50.12222775,240,3225
2022-11-23 23:54:31.260000,50.122847,50.12206,50.122425,50.124021,50.12283825,240,3225
2022-11-23 23:54:31.280000,50.122991,50.121602,50.122708,50.12358,50.12272025,240,3225
2022-11-23 23:54:31.300000,50.122712,50.121204,50.122391,50.122923,50.122307500000005,240,3225
2022-11-23 23:54:31.320000,50.122056,50.121143,50.121976,50.122642,50.12195425,240,3225
2022-11-23 23:54:31.340000,50.121759,50.120931,50.12203,50.120825,50.12138625,240,3225
2022-11-23 23:54:31.360000,50.121852,50.120482,50.122346,50.119766,50.1211115,240,3225
2022-11-23 23:54:31.380000,50.121991,50.120116,50.122472,50.121345,50.121480999999996,240,3225
2022-11-23 23:54:31.400000,50.122856,50.119871,50.121823,50.120715,50.12131625,240,3225
2022-11-23 23:54:31.420000,50.12337,50.120426,50.121664,50.121794,50.1218135,240,3225
2022-11-23 23:54:31.440000,50.12256,50.121722,50.121858,50.121838,50.1219945,240,3225
2022-11-23 23:54:31.460000,50.12188,50.121764,50.121896,50.123474,50.1222535,240,3225
2022-11-23 23:54:31.480000,50.121395,50.121106,50.121935,50.123036,50.121868000000006,240,3225
2022-11-23 23:54:31.500000,50.120769,50.121143,50.121967,50.122223,50.1215255,240,3225
2022-11-23 23:54:31.520000,50.12062,50.121588,50.121779,50.121645,50.121408,240,3225
2022-11-23 23:54:31.540000,50.121227,50.122014,50.121526,50.121967,50.1216835,240,3225
2022-11-23 23:54:31.560000,50.122134,50.122667,50.121532,50.121926,50.12206475,240,3225
2022-11-23 23:54:31.580000,50.12294,50.122514,50.121174,50.121694,50.122080499999996,240,3225
2022-11-23 23:54:31.600000,50.123129,50.121426,50.120585,50.122079,50.121804749999995,240,3225
2022-11-23 23:54:31.620000,50.121852,50.120366,50.121097,50.120139,50.1208635,240,3225
2022-11-23 23:54:31.640000,50.120324,50.119041,50.121656,50.121241,50.1205655,240,3225
2022-11-23 23:54:31.660000,50.120241,50.118986,50.121616,50.121384,50.12055675,240,3225
2022-11-23 23:54:31.680000,50.120847,50.12069,50.121817,50.122084,50.1213595,240,3225
2022-11-23 23:54:31.700000,50.1215,50.121402,50.122327,50.117935,50.120791,240,3225
2022-11-23 23:54:31.720000,50.121846,50.121033,50.122418,50.123324,50.12215525,240,3225
2022-11-23 23:54:31.740000,50.121429,50.120834,50.122487,50.121782,50.121633,240,3225
2022-11-23 23:54:31.760000,50.121143,50.120625,50.122823,50.124601,50.122298,240,3225
2022-11-23 23:54:31.780000,50.120815,50.120268,50.121603,50.122047,50.12118325,240,3225
2022-11-23 23:54:31.800000,50.119839,50.121001,50.120642,50.119083,50.12014125,240,3225
2022-11-23 23:54:31.820000,50.120231,50.121746,50.12117,50.120546,50.12092325,240,3225
2022-11-23 23:54:31.840000,50.121745,50.121189,50.12112,50.120565,50.121154749999995,240,3225
2022-11-23 23:54:31.860000,50.121819,50.119977,50.120437,50.120269,50.1206255,240,3225
2022-11-23 23:54:31.880000,50.120871,50.120018,50.120199,50.119537,50.12015625,240,3225
2022-11-23 23:54:31.900000,50.120292,50.121269,50.120537,50.12062,50.1206795,240,3225
2022-11-23 23:54:31.920000,50.120204,50.121255,50.120597,50.121112,50.120791999999994,240,3225
2022-11-23 23:54:31.940000,50.120199,50.11988,50.120337,50.121194,50.120402500000004,240,3225
2022-11-23 23:54:31.960000,50.120514,50.11962,50.11999,50.120056,50.120045,240,3225
2022-11-23 23:54:31.980000,50.120293,50.119995,50.119952,50.121472,50.12042799999999,240,3225
2022-11-23 23:54:32.000000,50.11964,50.119695,50.120677,50.120315,50.12008175,240,3225
2022-11-23 23:54:32.020000,50.119732,50.119144,50.120881,50.119704,50.119865250000004,240,3225
2022-11-23 23:54:32.040000,50.12024,50.119259,50.120492,50.119768,50.11993974999999,240,3225
2022-11-23 23:54:32.060000,50.120153,50.119884,50.119745,50.119389,50.11979275,240,3225
2022-11-23 23:54:32.080000,50.120736,50.120509,50.119204,50.117796,50.11956125,240,3225
2022-11-23 23:54:32.100000,50.121278,50.120232,50.119468,50.12012,50.120274499999994,240,3225
2022-11-23 23:54:32.120000,50.120505,50.118973,50.118776,50.120046,50.119575,240,3225
2022-11-23 23:54:32.140000,50.119699,50.119315,50.117898,50.118463,50.118843749999996,240,3225
2022-11-23 23:54:32.160000,50.119862,50.121375,50.118616,50.119825,50.119919499999995,240,3225
2022-11-23 23:54:32.180000,50.119979,50.121374,50.119777,50.119649,50.12019475,240,3225
2022-11-23 23:54:32.200000,50.120064,50.119209,50.119576,50.119805,50.1196635,240,3225
2022-11-23 23:54:32.220000,50.120162,50.118454,50.119062,50.119602,50.11932,240,3225
2022-11-23 23:54:32.240000,50.120157,50.119328,50.119722,50.119592,50.119699749999995,240,3225
2022-11-23 23:54:32.260000,50.120599,50.120042,50.120212,50.11938,50.12005825,240,3225
2022-11-23 23:54:32.280000,50.120055,50.120695,50.11979,50.118417,50.119739249999995,240,3225
2022-11-23 23:54:32.300000,50.11887,50.120834,50.119369,50.117889,50.1192405,240,3225
2022-11-23 23:54:32.320000,50.119243,50.12036,50.119672,50.119195,50.1196175,240,3225
2022-11-23 23:54:32.340000,50.120234,50.119718,50.120157,50.119148,50.11981425,240,3225
2022-11-23 23:54:32.360000,50.119894,50.119389,50.120197,50.119148,50.119657,240,3225
2022-11-23 23:54:32.380000,50.119114,50.118685,50.119725,50.120565,50.11952225,240,3225
2022-11-23 23:54:32.400000,50.118645,50.118709,50.118857,50.120361,50.119143,240,3225
2022-11-23 23:54:32.420000,50.11844,50.119884,50.118266,50.11925,50.11896,240,3225
2022-11-23 23:54:32.440000,50.118101,50.119786,50.117835,50.11937,50.118773000000004,240,3225
2022-11-23 23:54:32.460000,50.11791,50.118654,50.117151,50.117834,50.117887249999995,240,3225
2022-11-23 23:54:32.480000,50.118376,50.118348,50.117897,50.11874,50.11834025,240,3225
2022-11-23 23:54:32.500000,50.118615,50.119366,50.11917,50.117945,50.118773999999995,240,3225
2022-11-23 23:54:32.520000,50.118219,50.120259,50.119976,50.118129,50.11914575,240,3225
2022-11-23 23:54:32.540000,50.118143,50.119814,50.119556,50.119038,50.11913774999999,240,3225
2022-11-23 23:54:32.560000,50.118937,50.118764,50.118665,50.118241,50.11865175,240,3225
2022-11-23 23:54:32.580000,50.119291,50.118102,50.118733,50.118417,50.118635749999996,240,3225
2022-11-23 23:54:32.600000,50.118229,50.11788,50.119423,50.119018,50.11863749999999,240,3225
2022-11-23 23:54:32.620000,50.117415,50.118042,50.118978,50.119621,50.118514,240,3225
2022-11-23 23:54:32.640000,50.117813,50.118371,50.117881,50.118222,50.11807175,240,3225
2022-11-23 23:54:32.660000,50.118359,50.11868,50.117674,50.119,50.11842825,240,3225
2022-11-23 23:54:32.680000,50.118005,50.118982,50.118108,50.118843,50.1184845,240,3225
2022-11-23 23:54:32.700000,50.117741,50.11824,50.118531,50.119463,50.11849375,240,3225
2022-11-23 23:54:32.720000,50.118227,50.117184,50.118869,50.117083,50.11784075,240,3225
2022-11-23 23:54:32.740000,50.118277,50.11776,50.118254,50.118037,50.118082,240,3225
2022-11-23 23:54:32.760000,50.117588,50.119621,50.118526,50.117796,50.11838275,240,3225
2022-11-23 23:54:32.780000,50.117084,50.120368,50.11902,50.118074,50.1186365,240,3225
2022-11-23 23:54:32.800000,50.117482,50.120214,50.118324,50.117602,50.1184055,240,3225
2022-11-23 23:54:32.820000,50.118097,50.119739,50.117428,50.117944,50.118302,240,3225
2022-11-23 23:54:32.840000,50.117824,50.118745,50.117032,50.118204,50.11795125,240,3225
2022-11-23 23:54:32.860000,50.117417,50.120417,50.117489,50.118046,50.11834225,240,3225
2022-11-23 23:54:32.880000,50.117365,50.123008,50.118163,50.11863,50.1192915,240,3225
2022-11-23 23:54:32.900000,50.117588,50.12117,50.118317,50.118889,50.118990999999994,240,3225
2022-11-23 23:54:32.920000,50.117459,50.117948,50.118172,50.118019,50.1178995,240,3225
2022-11-23 23:54:32.940000,50.117083,50.117369,50.11757,50.118388,50.117602500000004,240,3225
2022-11-23 23:54:32.960000,50.116547,50.117521,50.117057,50.116815,50.11698500000001,240,3225
2022-11-23 23:54:32.980000,50.115699,50.117436,50.117329,50.116629,50.116773249999994,240,3225
2022-11-23 23:54:33.000000,50.116121,50.117903,50.117718,50.117639,50.11734525,240,3225
2022-11-23 23:54:33.020000,50.117144,50.118904,50.118188,50.117186,50.117855500000005,240,3225
2022-11-23 23:54:33.040000,50.116892,50.118972,50.118335,50.117777,50.117993999999996,240,3225
2022-11-23 23:54:33.060000,50.116814,50.118317,50.117657,50.117306,50.117523500000004,240,3225
2022-11-23 23:54:33.080000,50.117292,50.117984,50.117156,50.117917,50.11758725,240,3225
2022-11-23 23:54:33.100000,50.117746,50.117709,50.116475,50.116315,50.117061250000006,240,3225
2022-11-23 23:54:33.120000,50.118004,50.118393,50.116413,50.117815,50.11765625,240,3225
2022-11-23 23:54:33.140000,50.118374,50.11924,50.117135,50.119329,50.1185195,240,3225
2022-11-23 23:54:33.160000,50.118413,50.118862,50.117536,50.117458,50.118067249999996,240,3225
2022-11-23 23:54:33.180000,50.117876,50.117768,50.117839,50.118889,50.118093,240,3225
2022-11-23 23:54:33.200000,50.118004,50.117123,50.117424,50.116926,50.11736925,240,3225
2022-11-23 23:54:33.220000,50.118462,50.117422,50.116886,50.115306,50.117019,240,3225
2022-11-23 23:54:33.240000,50.117917,50.117315,50.117072,50.118907,50.11780275,240,3225
2022-11-23 23:54:33.260000,50.117194,50.117519,50.117139,50.115537,50.116847250000006,240,3225
2022-11-23 23:54:33.280000,50.116974,50.117241,50.117176,50.116824,50.117053750000004,240,3225
2022-11-23 23:54:33.300000,50.117279,50.116315,50.117009,50.118027,50.117157500000005,240,3225
2022-11-23 23:54:33.320000,50.117746,50.11612,50.117077,50.116556,50.11687475,240,3225
2022-11-23 23:54:33.340000,50.117519,50.116565,50.117561,50.118472,50.11752925,240,3225
2022-11-23 23:54:33.360000,50.116935,50.116847,50.117573,50.118093,50.117362,240,3225
2022-11-23 23:54:33.380000,50.117389,50.117773,50.116931,50.11838,50.11761825,240,3225
2022-11-23 23:54:33.400000,50.117514,50.118524,50.116753,50.117,50.117447750000004,240,3225
2022-11-23 23:54:33.420000,50.116749,50.118042,50.116968,50.116686,50.11711125000001,240,3225
2022-11-23 23:54:33.440000,50.116838,50.117675,50.116435,50.116462,50.11685249999999,240,3225
2022-11-23 23:54:33.460000,50.116949,50.118415,50.116203,50.116334,50.116975249999996,240,3225
2022-11-23 23:54:33.480000,50.116996,50.119422,50.11705,50.117315,50.117695749999996,240,3225
2022-11-23 23:54:33.500000,50.118292,50.119374,50.118781,50.117814,50.11856525,240,3225
2022-11-23 23:54:33.520000,50.118829,50.118611,50.119743,50.118833,50.119004,240,3225
2022-11-23 23:54:33.540000,50.117666,50.117269,50.119233,50.119362,50.1183825,240,3225
2022-11-23 23:54:33.560000,50.11718,50.116037,50.118571,50.116231,50.11700475,240,3225
2022-11-23 23:54:33.580000,50.117056,50.116061,50.118255,50.118898,50.1175675,240,3225
2022-11-23 23:54:33.600000,50.116944,50.117213,50.118205,50.118343,50.11767625,240,3225
2022-11-23 23:54:33.620000,50.117749,50.117606,50.118269,50.116203,50.11745675,240,3225
2022-11-23 23:54:33.640000,50.11813,50.116995,50.117724,50.118616,50.117866250000006,240,3225
2022-11-23 23:54:33.660000,50.117607,50.117412,50.116951,50.11738,50.1173375,240,3225
2022-11-23 23:54:33.680000,50.117597,50.117708,50.116672,50.117898,50.11746875,240,3225
2022-11-23 23:54:33.700000,50.117754,50.116876,50.117268,50.118778,50.117669,240,3225
2022-11-23 23:54:33.720000,50.117347,50.117042,50.117665,50.117357,50.11735275,240,3225
2022-11-23 23:54:33.740000,50.11763,50.117972,50.118252,50.11694,50.1176985,240,3225
2022-11-23 23:54:33.760000,50.117847,50.117959,50.119279,50.118851,50.118484,240,3225
2022-11-23 23:54:33.780000,50.117602,50.117013,50.119388,50.11751,50.11787825,240,3225
2022-11-23 23:54:33.800000,50.117842,50.116667,50.119156,50.118634,50.118074750000005,240,3225
2022-11-23 23:54:33.820000,50.118379,50.117583,50.118725,50.119708,50.118598750000004,240,3225
2022-11-23 23:54:33.840000,50.118496,50.11862,50.118253,50.118042,50.11835275,240,3225
2022-11-23 23:54:33.860000,50.118829,50.119713,50.118301,50.118374,50.11880425,240,3225
2022-11-23 23:54:33.880000,50.118704,50.119889,50.11846,50.118433,50.118871500000004,240,3225
2022-11-23 23:54:33.900000,50.118139,50.118486,50.118119,50.118781,50.11838125,240,3225
2022-11-23 23:54:33.920000,50.118375,50.117019,50.117723,50.116938,50.11751375,240,3225
2022-11-23 23:54:33.940000,50.118462,50.117088,50.117808,50.118884,50.118060500000006,240,3225
2022-11-23 23:54:33.960000,50.117634,50.118134,50.1179,50.116683,50.11758775,240,3225
2022-11-23 23:54:33.980000,50.117473,50.119069,50.117707,50.11791,50.11803975,240,3225
2022-11-23 23:54:34.000000,50.118064,50.118403,50.117408,50.118751,50.118156500000005,240,3225
2022-11-23 23:54:34.020000,50.118106,50.117301,50.117527,50.117638,50.117643,240,3225
2022-11-23 23:54:34.040000,50.117899,50.117158,50.117692,50.118165,50.117728500000005,240,3225
2022-11-23 23:54:34.060000,50.118421,50.117315,50.117568,50.119593,50.118224250000004,240,3225
2022-11-23 23:54:34.080000,50.119425,50.117427,50.117829,50.118746,50.118356750000004,240,3225
2022-11-23 23:54:34.100000,50.119573,50.118236,50.118425,50.118766,50.11875,240,3225
2022-11-23 23:54:34.120000,50.118783,50.11874,50.118806,50.11792,50.118562250000004,240,3225
2022-11-23 23:54:34.140000,50.118723,50.117726,50.118652,50.117613,50.1181785,240,3225
2022-11-23 23:54:34.160000,50.120226,50.117282,50.118696,50.118897,50.11877525,240,3225
2022-11-23 23:54:34.180000,50.120856,50.118138,50.119245,50.119021,50.119315,240,3225
2022-11-23 23:54:34.200000,50.119854,50.119195,50.1192,50.117919,50.119042,240,3225
2022-11-23 23:54:34.220000,50.119047,50.119819,50.118769,50.11848,50.119028750000005,240,3225
2022-11-23 23:54:34.240000,50.119263,50.119713,50.118619,50.117526,50.11878025,240,3225
2022-11-23 23:54:34.260000,50.119148,50.119237,50.118983,50.120249,50.11940425,240,3225
2022-11-23 23:54:34.280000,50.118875,50.118612,50.119369,50.11975,50.1191515,240,3225
2022-11-23 23:54:34.300000,50.119468,50.11807,50.119409,50.120546,50.119373249999995,240,3225
2022-11-23 23:54:34.320000,50.119852,50.118398,50.119613,50.118889,50.119188,240,3225
2022-11-23 23:54:34.340000,50.119523,50.119074,50.11905,50.119451,50.119274499999996,240,3225
2022-11-23 23:54:34.360000,50.119045,50.119495,50.118424,50.118865,50.11895725,240,3225
2022-11-23 23:54:34.380000,50.118726,50.119324,50.118433,50.117662,50.11853625,240,3225
2022-11-23 23:54:34.400000,50.118695,50.118829,50.118939,50.118602,50.11876625000001,240,3225
2022-11-23 23:54:34.420000,50.119518,50.119079,50.119823,50.118611,50.11925775,240,3225
2022-11-23 23:54:34.440000,50.119838,50.120083,50.119632,50.120014,50.11989175,240,3225
2022-11-23 23:54:34.460000,50.119801,50.120515,50.11921,50.118713,50.11955975000001,240,3225
2022-11-23 23:54:34.480000,50.120342,50.119977,50.119291,50.120431,50.12001025,240,3225
2022-11-23 23:54:34.500000,50.120583,50.119162,50.119451,50.119722,50.1197295,240,3225
2022-11-23 23:54:34.520000,50.120107,50.119138,50.119755,50.119291,50.119572749999996,240,3225
2022-11-23 23:54:34.540000,50.11931,50.119532,50.119908,50.120018,50.119692,240,3225
2022-11-23 23:54:34.560000,50.11806,50.119985,50.120377,50.119704,50.119531499999994,240,3225
2022-11-23 23:54:34.580000,50.118631,50.120791,50.120827,50.120528,50.12019425,240,3225
2022-11-23 23:54:34.600000,50.120964,50.120566,50.120956,50.120898,50.120846,240,3225
2022-11-23 23:54:34.620000,50.121186,50.119329,50.12048,50.120213,50.120302,240,3225
2022-11-23 23:54:34.640000,50.119982,50.119089,50.11937,50.119213,50.1194135,240,3225
2022-11-23 23:54:34.660000,50.119264,50.119551,50.118566,50.116963,50.118586,240,3225
2022-11-23 23:54:34.680000,50.118013,50.119421,50.118589,50.115926,50.11798725,240,3225
2022-11-23 23:54:34.700000,50.117454,50.119426,50.119253,50.123343,50.119869,240,3225
2022-11-23 23:54:34.720000,50.118653,50.120005,50.119553,50.121,50.119802750000005,240,3225
2022-11-23 23:54:34.740000,50.120403,50.120014,50.119841,50.120685,50.120235750000006,240,3225
2022-11-23 23:54:34.760000,50.121236,50.119569,50.120476,50.120292,50.12039325,240,3225
2022-11-23 23:54:34.780000,50.12094,50.120019,50.121353,50.121,50.120828,240,3225
2022-11-23 23:54:34.800000,50.120288,50.121608,50.122343,50.121171,50.1213525,240,3225
2022-11-23 23:54:34.820000,50.119819,50.122389,50.121796,50.120602,50.1211515,240,3225
2022-11-23 23:54:34.840000,50.119519,50.121926,50.120869,50.120296,50.1206525,240,3225
2022-11-23 23:54:34.860000,50.119875,50.121208,50.120661,50.120278,50.12050549999999,240,3225
2022-11-23 23:54:34.880000,50.120829,50.12081,50.120106,50.12063,50.12059375,240,3225
2022-11-23 23:54:34.900000,50.121727,50.12112,50.119706,50.120629,50.1207955,240,3225
2022-11-23 23:54:34.920000,50.121782,50.121796,50.120015,50.118667,50.120565,240,3225
2022-11-23 23:54:34.940000,50.120829,50.121777,50.120677,50.121129,50.121103,240,3225
2022-11-23 23:54:34.960000,50.11925,50.120634,50.121093,50.12201,50.120746749999995,240,3225
2022-11-23 23:54:34.980000,50.118454,50.119894,50.120698,50.120491,50.11988425,240,3225
2022-11-23 23:54:35.000000,50.119327,50.120732,50.119991,50.120833,50.12022075,240,3225
2022-11-23 23:54:35.020000,50.121069,50.121917,50.120029,50.120176,50.12079775000001,240,3225
2022-11-23 23:54:35.040000,50.122314,50.121875,50.120238,50.122518,50.12173625,240,3225
2022-11-23 23:54:35.060000,50.122597,50.121754,50.119996,50.120945,50.121323000000004,240,3225
2022-11-23 23:54:35.080000,50.122546,50.122699,50.120013,50.120658,50.121478999999994,240,3225
2022-11-23 23:54:35.100000,50.12215,50.12251,50.1204,50.120741,50.12145025,240,3225
2022-11-23 23:54:35.120000,50.121355,50.120596,50.120555,50.120842,50.120837,240,3225
2022-11-23 23:54:35.140000,50.121662,50.119718,50.120718,50.120259,50.12058925,240,3225
2022-11-23 23:54:35.160000,50.121697,50.121135,50.120961,50.120111,50.120976,240,3225
2022-11-23 23:54:35.180000,50.121279,50.12195,50.121238,50.122287,50.1216885,240,3225
2022-11-23 23:54:35.200000,50.121991,50.121102,50.121099,50.122083,50.12156875,240,3225
2022-11-23 23:54:35.220000,50.122525,50.120227,50.120836,50.122009,50.121399249999996,240,3225
2022-11-23 23:54:35.240000,50.121426,50.120286,50.120679,50.121861,50.121063,240,3225
2022-11-23 23:54:35.260000,50.120929,50.12105,50.120961,50.121352,50.121072999999996,240,3225
2022-11-23 23:54:35.280000,50.121413,50.121893,50.121672,50.122898,50.12196899999999,240,3225
2022-11-23 23:54:35.300000,50.12181,50.121973,50.122043,50.121398,50.121806,240,3225
2022-11-23 23:54:35.320000,50.122367,50.121884,50.122707,50.121838,50.122198999999995,240,3225
2022-11-23 23:54:35.340000,50.122652,50.122027,50.123687,50.121371,50.122434250000005,240,3225
2022-11-23 23:54:35.360000,50.122562,50.121838,50.123764,50.122116,50.12257,240,3225
2022-11-23 23:54:35.380000,50.122586,50.121182,50.122353,50.120565,50.1216715,240,3225
2022-11-23 23:54:35.400000,50.122666,50.121604,50.120979,50.121815,50.121766,240,3225
2022-11-23 23:54:35.420000,50.122497,50.122889,50.121435,50.122148,50.12224225,240,3225
2022-11-23 23:54:35.440000,50.12212,50.123129,50.122411,50.122778,50.122609499999996,240,3225
2022-11-23 23:54:35.460000,50.121869,50.121827,50.122482,50.123648,50.1224565,240,3225
2022-11-23 23:54:35.480000,50.121481,50.120656,50.122336,50.121259,50.121433,240,3225
2022-11-23 23:54:35.500000,50.121107,50.120477,50.12244,50.122639,50.12166575,240,3225
2022-11-23 23:54:35.520000,50.121459,50.120833,50.122692,50.121426,50.121602499999995,240,3225
2022-11-23 23:54:35.540000,50.121989,50.121533,50.122339,50.120611,50.121618,240,3225
2022-11-23 23:54:35.560000,50.121931,50.121676,50.121792,50.121958,50.12183925,240,3225
2022-11-23 23:54:35.580000,50.12176,50.121054,50.121821,50.121686,50.12158025000001,240,3225
2022-11-23 23:54:35.600000,50.122417,50.12136,50.122582,50.122356,50.122178749999996,240,3225
2022-11-23 23:54:35.620000,50.123019,50.122277,50.123512,50.12275,50.1228895,240,3225
2022-11-23 23:54:35.640000,50.122708,50.122243,50.124059,50.122074,50.122771,240,3225
2022-11-23 23:54:35.660000,50.122203,50.1219,50.123266,50.122546,50.12247875,240,3225
2022-11-23 23:54:35.680000,50.121999,50.121988,50.121479,50.124037,50.12237575,240,3225
2022-11-23 23:54:35.700000,50.122578,50.121958,50.12082,50.122472,50.121956999999995,240,3225
2022-11-23 23:54:35.720000,50.123259,50.121645,50.120954,50.123241,50.12227475,240,3225
2022-11-23 23:54:35.740000,50.122871,50.12197,50.121009,50.122639,50.122122250000004,240,3225
2022-11-23 23:54:35.760000,50.12257,50.122841,50.121523,50.122065,50.12224975,240,3225
2022-11-23 23:54:35.780000,50.122777,50.122683,50.1222,50.120944,50.122151,240,3225
2022-11-23 23:54:35.800000,50.122287,50.121901,50.12241,50.122481,50.12226975,240,3225
2022-11-23 23:54:35.820000,50.12188,50.121393,50.122169,50.12088,50.12158049999999,240,3225
2022-11-23 23:54:35.840000,50.122115,50.120728,50.12232,50.121963,50.1217815,240,3225
2022-11-23 23:54:35.860000,50.12231,50.1211,50.122624,50.123148,50.12229550000001,240,3225
2022-11-23 23:54:35.880000,50.122375,50.12195,50.122416,50.123093,50.12245849999999,240,3225
2022-11-23 23:54:35.900000,50.12277,50.121884,50.12219,50.122315,50.12228975000001,240,3225
2022-11-23 23:54:35.920000,50.123219,50.121822,50.12235,50.122666,50.12251425,240,3225
2022-11-23 23:54:35.940000,50.123093,50.122237,50.122362,50.121639,50.12233275,240,3225
2022-11-23 23:54:35.960000,50.12251,50.121996,50.122621,50.122509,50.122409000000005,240,3225
2022-11-23 23:54:35.980000,50.121662,50.121806,50.123326,50.12125,50.122011,240,3225
2022-11-23 23:54:36.000000,50.121866,50.122199,50.123344,50.122931,50.122585,240,3225
2022-11-23 23:54:36.020000,50.122795,50.122199,50.123575,50.122227,50.122699000000004,240,3225
2022-11-23 23:54:36.040000,50.122736,50.121797,50.123704,50.121361,50.1223995,240,3225
2022-11-23 23:54:36.060000,50.122283,50.121375,50.122329,50.122556,50.122135750000005,240,3225
2022-11-23 23:54:36.080000,50.122222,50.121417,50.120948,50.121787,50.1215935,240,3225
2022-11-23 23:54:36.100000,50.12199,50.121528,50.120532,50.121815,50.12146625,240,3225
2022-11-23 23:54:36.120000,50.121745,50.122041,50.120887,50.122602,50.12181875,240,3225
2022-11-23 23:54:36.140000,50.12219,50.122431,50.121533,50.122963,50.12227925,240,3225
2022-11-23 23:54:36.160000,50.122459,50.122189,50.122564,50.120935,50.12203675,240,3225
2022-11-23 23:54:36.180000,50.121824,50.121204,50.123704,50.123644,50.12259399999999,240,3225
2022-11-23 23:54:36.200000,50.121962,50.120953,50.123537,50.122356,50.122202,240,3225
2022-11-23 23:54:36.220000,50.121963,50.121699,50.122778,50.121222,50.1219155,240,3225
2022-11-23 23:54:36.240000,50.121134,50.122301,50.122405,50.121231,50.12176775,240,3225
2022-11-23 23:54:36.260000,50.121089,50.12263,50.121786,50.121102,50.12165175,240,3225
2022-11-23 23:54:36.280000,50.121444,50.121954,50.121031,50.121676,50.12152625,240,3225
2022-11-23 23:54:36.300000,50.121657,50.120718,50.121129,50.120741,50.121061250000004,240,3225
2022-11-23 23:54:36.320000,50.122514,50.12081,50.121433,50.122583,50.121835,240,3225
2022-11-23 23:54:36.340000,50.123084,50.122264,50.121513,50.122306,50.12229175,240,3225
2022-11-23 23:54:36.360000,50.122194,50.122634,50.122017,50.120824,50.12191725,240,3225
2022-11-23 23:54:36.380000,50.121421,50.12149,50.12218,50.123296,50.122096750000004,240,3225
2022-11-23 23:54:36.400000,50.121981,50.120778,50.121816,50.121819,50.121598500000005,240,3225
2022-11-23 23:54:36.420000,50.122491,50.120972,50.121255,50.121093,50.121452749999996,240,3225
2022-11-23 23:54:36.440000,50.122509,50.120796,50.120715,50.119713,50.12093324999999,240,3225
2022-11-23 23:54:36.460000,50.121884,50.120704,50.121207,50.121245,50.12126000000001,240,3225
2022-11-23 23:54:36.480000,50.120908,50.120847,50.121866,50.121111,50.121183,240,3225
2022-11-23 23:54:36.500000,50.121139,50.121111,50.121884,50.12087,50.121251,240,3225
2022-11-23 23:54:36.520000,50.121722,50.121214,50.121698,50.120699,50.12133325,240,3225
2022-11-23 23:54:36.540000,50.121884,50.120375,50.121417,50.122732,50.121601999999996,240,3225
2022-11-23 23:54:36.560000,50.121699,50.11968,50.12091,50.120852,50.12078525,240,3225
2022-11-23 23:54:36.580000,50.121131,50.120982,50.120698,50.122486,50.12132425,240,3225
2022-11-23 23:54:36.600000,50.120523,50.122861,50.121498,50.121847,50.12168225,240,3225
2022-11-23 23:54:36.620000,50.121046,50.122685,50.121969,50.121935,50.12190875,240,3225
2022-11-23 23:54:36.640000,50.121704,50.121269,50.121807,50.122607,50.12184675,240,3225
2022-11-23 23:54:36.660000,50.121436,50.121139,50.12159,50.120282,50.121111750000004,240,3225
2022-11-23 23:54:36.680000,50.121417,50.121833,50.121124,50.121411,50.12144625,240,3225
2022-11-23 23:54:36.700000,50.122333,50.121986,50.120611,50.120677,50.12140175,240,3225
2022-11-23 23:54:36.720000,50.122943,50.121727,50.120234,50.121967,50.12171775,240,3225
2022-11-23 23:54:36.740000,50.122292,50.121088,50.120362,50.12039,50.121033,240,3225
2022-11-23 23:54:36.760000,50.120718,50.12069,50.120746,50.12085,50.120751,240,3225
2022-11-23 23:54:36.780000,50.120185,50.120607,50.121015,50.121791,50.1208995,240,3225
2022-11-23 23:54:36.800000,50.121384,50.119968,50.121561,50.121937,50.1212125,240,3225
2022-11-23 23:54:36.820000,50.122653,50.120144,50.121815,50.121665,50.12156925,240,3225
2022-11-23 23:54:36.840000,50.122361,50.122018,50.121636,50.122656,50.12216775,240,3225
2022-11-23 23:54:36.860000,50.12206,50.123259,50.121441,50.121546,50.1220765,240,3225
2022-11-23 23:54:36.880000,50.121907,50.122061,50.122216,50.121394,50.1218945,240,3225
2022-11-23 23:54:36.900000,50.120926,50.121106,50.122791,50.121072,50.12147375,240,3225
2022-11-23 23:54:36.920000,50.120834,50.122507,50.122473,50.120433,50.12156175,240,3225
2022-11-23 23:54:36.940000,50.121615,50.123763,50.121626,50.121963,50.12224174999999,240,3225
2022-11-23 23:54:36.960000,50.120884,50.123708,50.12059,50.120968,50.1215375,240,3225
2022-11-23 23:54:36.980000,50.119634,50.12294,50.120794,50.121678,50.121261499999996,240,3225
2022-11-23 23:54:37.000000,50.120226,50.121829,50.121563,50.121523,50.12128525,240,3225
2022-11-23 23:54:37.020000,50.121513,50.12069,50.121788,50.122366,50.12158925,240,3225
2022-11-23 23:54:37.040000,50.121634,50.120875,50.121568,50.123171,50.121812000000006,240,3225
2022-11-23 23:54:37.060000,50.121468,50.122287,50.121615,50.120397,50.121441749999995,240,3225
2022-11-23 23:54:37.080000,50.121657,50.123139,50.121696,50.122535,50.12225675,240,3225
2022-11-23 23:54:37.100000,50.121412,50.122977,50.121253,50.122908,50.1221375,240,3225
2022-11-23 23:54:37.120000,50.121574,50.122922,50.120899,50.121648,50.12176075,240,3225
2022-11-23 23:54:37.140000,50.122125,50.123083,50.120995,50.121245,50.12186199999999,240,3225
2022-11-23 23:54:37.160000,50.122023,50.123509,50.122028,50.122097,50.12241425,240,3225
2022-11-23 23:54:37.180000,50.121936,50.123949,50.123056,50.122352,50.12282325,240,3225
2022-11-23 23:54:37.200000,50.121722,50.12363,50.12282,50.121389,50.122390249999995,240,3225
2022-11-23 23:54:37.220000,50.122103,50.123162,50.122035,50.122778,50.122519499999996,240,3225
2022-11-23 23:54:37.240000,50.122774,50.123851,50.121373,50.122389,50.12259675,240,3225
2022-11-23 23:54:37.260000,50.122357,50.124338,50.121664,50.123722,50.123020249999996,240,3225
2022-11-23 23:54:37.280000,50.122102,50.123927,50.12243,50.123329,50.122946999999996,240,3225
2022-11-23 23:54:37.300000,50.122643,50.124384,50.122635,50.123227,50.12322225,240,3225
2022-11-23 23:54:37.320000,50.122565,50.125689,50.122922,50.122745,50.12348025,240,3225
2022-11-23 23:54:37.340000,50.122955,50.125597,50.122919,50.121861,50.123332999999995,240,3225
2022-11-23 23:54:37.360000,50.123971,50.124055,50.123287,50.12287,50.12354575,240,3225
2022-11-23 23:54:37.380000,50.123569,50.123079,50.123391,50.12351,50.12338725,240,3225
2022-11-23 23:54:37.400000,50.122681,50.123402,50.122999,50.122509,50.12289775,240,3225
2022-11-23 23:54:37.420000,50.123171,50.123648,50.122492,50.123695,50.1232515,240,3225
2022-11-23 23:54:37.440000,50.12355,50.123472,50.122737,50.123352,50.12327775,240,3225
2022-11-23 23:54:37.460000,50.123263,50.124005,50.124333,50.122926,50.12363175,240,3225
2022-11-23 23:54:37.480000,50.123047,50.124875,50.125324,50.124436,50.1244205,240,3225
2022-11-23 23:54:37.500000,50.123565,50.125449,50.124954,50.12475,50.1246795,240,3225
2022-11-23 23:54:37.520000,50.124255,50.125402,50.124223,50.12376,50.12441,240,3225
2022-11-23 23:54:37.540000,50.124305,50.125588,50.124064,50.124258,50.12455375,240,3225
2022-11-23 23:54:37.560000,50.123926,50.126677,50.124641,50.124778,50.1250055,240,3225
2022-11-23 23:54:37.580000,50.124208,50.126792,50.124707,50.123259,50.1247415,240,3225
2022-11-23 23:54:37.600000,50.125093,50.125227,50.124746,50.123472,50.1246345,240,3225
2022-11-23 23:54:37.620000,50.124834,50.124051,50.124697,50.124703,50.12457125,240,3225
2022-11-23 23:54:37.640000,50.123876,50.124648,50.124843,50.124056,50.12435575,240,3225
2022-11-23 23:54:37.660000,50.124647,50.126064,50.125383,50.126981,50.12576875,240,3225
2022-11-23 23:54:37.680000,50.125494,50.126838,50.125472,50.126213,50.12600425,240,3225
2022-11-23 23:54:37.700000,50.125755,50.126426,50.12619,50.126269,50.126160000000006,240,3225
2022-11-23 23:54:37.720000,50.126318,50.125732,50.126916,50.126482,50.126362,240,3225
2022-11-23 23:54:37.740000,50.126339,50.125588,50.127056,50.126695,50.1264195,240,3225
2022-11-23 23:54:37.760000,50.125472,50.126246,50.12679,50.125194,50.1259255,240,3225
2022-11-23 23:54:37.780000,50.125514,50.127421,50.125978,50.124945,50.1259645,240,3225
2022-11-23 23:54:37.800000,50.126487,50.12768,50.124903,50.125879,50.12623725,240,3225
2022-11-23 23:54:37.820000,50.127449,50.127111,50.125471,50.126186,50.12655425,240,3225
2022-11-23 23:54:37.840000,50.127755,50.126986,50.127456,50.127019,50.127303999999995,240,3225
2022-11-23 23:54:37.860000,50.127324,50.126898,50.128286,50.126323,50.12720775,240,3225
2022-11-23 23:54:37.880000,50.127198,50.12699,50.128094,50.127519,50.12745025,240,3225
2022-11-23 23:54:37.900000,50.127647,50.127444,50.127539,50.12875,50.127845,240,3225
2022-11-23 23:54:37.920000,50.128326,50.127718,50.127139,50.127889,50.127768,240,3225
2022-11-23 23:54:37.940000,50.12848,50.127436,50.128348,50.128657,50.12823025000001,240,3225
2022-11-23 23:54:37.960000,50.128366,50.126995,50.12872,50.128055,50.128034,240,3225
2022-11-23 23:54:37.980000,50.128586,50.126616,50.127854,50.128204,50.127815,240,3225
2022-11-23 23:54:38.000000,50.129443,50.126801,50.1286,50.129009,50.12846325,240,3225
2022-11-23 23:54:38.020000,50.129657,50.127533,50.129649,50.128454,50.12882325,240,3225
2022-11-23 23:54:38.040000,50.129145,50.127861,50.129659,50.127945,50.1286525,240,3225
2022-11-23 23:54:38.060000,50.129271,50.127944,50.128978,50.129028,50.12880525,240,3225
2022-11-23 23:54:38.080000,50.129976,50.127565,50.128783,50.129287,50.12890275,240,3225
2022-11-23 23:54:38.100000,50.130665,50.127139,50.129441,50.130162,50.12935175,240,3225
2022-11-23 23:54:38.120000,50.130655,50.127649,50.130297,50.130162,50.129690749999995,240,3225
2022-11-23 23:54:38.140000,50.130532,50.128652,50.130941,50.131305,50.1303575,240,3225
2022-11-23 23:54:38.160000,50.130454,50.129213,50.130271,50.130889,50.13020675,240,3225
2022-11-23 23:54:38.180000,50.129922,50.129365,50.129765,50.13038,50.129858,240,3225
2022-11-23 23:54:38.200000,50.129787,50.129102,50.12995,50.130204,50.12976075,240,3225
2022-11-23 23:54:38.220000,50.13057,50.128481,50.130087,50.130972,50.1300275,240,3225
2022-11-23 23:54:38.240000,50.131671,50.12844,50.130333,50.129417,50.12996525,240,3225
2022-11-23 23:54:38.260000,50.131978,50.130177,50.130928,50.131203,50.1310715,240,3225
2022-11-23 23:54:38.280000,50.131101,50.131872,50.13125,50.129879,50.13102550000001,240,3225
2022-11-23 23:54:38.300000,50.131146,50.131887,50.13066,50.130677,50.1310925,240,3225
2022-11-23 23:54:38.320000,50.132022,50.130763,50.130715,50.132648,50.13153700000001,240,3225
2022-11-23 23:54:38.340000,50.13213,50.130114,50.131212,50.131927,50.131345749999994,240,3225
2022-11-23 23:54:38.360000,50.131811,50.129979,50.131479,50.132814,50.13152074999999,240,3225
2022-11-23 23:54:38.380000,50.132143,50.129683,50.131417,50.131389,50.131158,240,3225
2022-11-23 23:54:38.400000,50.132972,50.130408,50.131463,50.13113,50.131493250000005,240,3225
2022-11-23 23:54:38.420000,50.132858,50.13133,50.132226,50.131944,50.1320895,240,3225
2022-11-23 23:54:38.440000,50.13194,50.131334,50.132907,50.13287,50.13226275,240,3225
2022-11-23 23:54:38.460000,50.131731,50.131375,50.133295,50.132547,50.132237,240,3225
2022-11-23 23:54:38.480000,50.131685,50.131228,50.133545,50.131639,50.13202425,240,3225
2022-11-23 23:54:38.500000,50.131893,50.13177,50.132756,50.132129,50.132137,240,3225
2022-11-23 23:54:38.520000,50.13258,50.133321,50.132371,50.131528,50.13245,240,3225
2022-11-23 23:54:38.540000,50.133154,50.133521,50.132714,50.132361,50.1329375,240,3225
2022-11-23 23:54:38.560000,50.132741,50.132242,50.132685,50.133454,50.1327805,240,3225
2022-11-23 23:54:38.580000,50.132166,50.131325,50.131912,50.133153,50.132138999999995,240,3225
2022-11-23 23:54:38.600000,50.132251,50.131694,50.131716,50.134662,50.13258075,240,3225
2022-11-23 23:54:38.620000,50.132504,50.132721,50.132754,50.133241,50.132805,240,3225
2022-11-23 23:54:38.640000,50.133134,50.133958,50.133144,50.133556,50.133448,240,3225
2022-11-23 23:54:38.660000,50.133658,50.134956,50.133085,50.130833,50.133133,240,3225
2022-11-23 23:54:38.680000,50.133528,50.134232,50.134133,50.134861,50.1341885,240,3225
2022-11-23 23:54:38.700000,50.133055,50.132593,50.135521,50.132908,50.13351924999999,240,3225
2022-11-23 23:54:38.720000,50.133333,50.132528,50.1358,50.131778,50.13335975,240,3225
2022-11-23 23:54:38.740000,50.133092,50.133948,50.134584,50.135555,50.134294749999995,240,3225
2022-11-23 23:54:38.760000,50.132612,50.134986,50.133334,50.133658,50.133647499999995,240,3225
2022-11-23 23:54:38.780000,50.133084,50.135477,50.132916,50.135509,50.1342465,240,3225
2022-11-23 23:54:38.800000,50.133897,50.134612,50.133497,50.133157,50.13379075,240,3225
2022-11-23 23:54:38.820000,50.134393,50.133172,50.134452,50.133352,50.13384225,240,3225
2022-11-23 23:54:38.840000,50.134575,50.133217,50.133711,50.135018,50.13413025,240,3225
2022-11-23 23:54:38.860000,50.134088,50.134038,50.132707,50.133351,50.133546,240,3225
2022-11-23 23:54:38.880000,50.133721,50.134629,50.133211,50.132343,50.133476,240,3225
2022-11-23 23:54:38.900000,50.133491,50.134967,50.134001,50.134546,50.134251250000005,240,3225
2022-11-23 23:54:38.920000,50.13351,50.135315,50.133792,50.133519,50.134034,240,3225
2022-11-23 23:54:38.940000,50.134134,50.13493,50.133363,50.1335,50.13398175,240,3225
2022-11-23 23:54:38.960000,50.134505,50.134399,50.133661,50.13451,50.13426875,240,3225
2022-11-23 23:54:38.980000,50.134268,50.134931,50.134377,50.134898,50.134618499999995,240,3225
2022-11-23 23:54:39.000000,50.134111,50.136292,50.135218,50.13413,50.13493775,240,3225
2022-11-23 23:54:39.020000,50.134213,50.136746,50.135066,50.13588,50.135476249999996,240,3225
2022-11-23 23:54:39.040000,50.134444,50.135953,50.134898,50.135144,50.13510975,240,3225
2022-11-23 23:54:39.060000,50.134945,50.135588,50.135642,50.135138,50.13532825,240,3225
2022-11-23 23:54:39.080000,50.135732,50.136449,50.135564,50.134722,50.13561675,240,3225
2022-11-23 23:54:39.100000,50.135991,50.137203,50.134969,50.134556,50.13567975,240,3225
2022-11-23 23:54:39.120000,50.136148,50.136713,50.135243,50.135453,50.135889250000005,240,3225
2022-11-23 23:54:39.140000,50.136421,50.136472,50.135964,50.13526,50.13602925000001,240,3225
2022-11-23 23:54:39.160000,50.135518,50.137131,50.136601,50.136806,50.136514,240,3225
2022-11-23 23:54:39.180000,50.134472,50.137046,50.136523,50.136537,50.1361445,240,3225
2022-11-23 23:54:39.200000,50.135593,50.136459,50.136253,50.13681,50.13627875,240,3225
2022-11-23 23:54:39.220000,50.137042,50.136235,50.135905,50.136769,50.13648775,240,3225
2022-11-23 23:54:39.240000,50.13743,50.137047,50.136244,50.136953,50.1369185,240,3225
2022-11-23 23:54:39.260000,50.137417,50.138245,50.136435,50.136794,50.13722275,240,3225
2022-11-23 23:54:39.280000,50.137079,50.137593,50.136447,50.135585,50.136676,240,3225
2022-11-23 23:54:39.300000,50.135862,50.135945,50.13637,50.135974,50.13603775,240,3225
2022-11-23 23:54:39.320000,50.135505,50.135721,50.13605,50.135248,50.135631,240,3225
2022-11-23 23:54:39.340000,50.136731,50.136995,50.136632,50.13668,50.1367595,240,3225
2022-11-23 23:54:39.360000,50.136841,50.137996,50.137313,50.137253,50.137350749999996,240,3225
2022-11-23 23:54:39.380000,50.136382,50.138255,50.137241,50.13831,50.137547,240,3225
2022-11-23 23:54:39.400000,50.13728,50.137926,50.136903,50.136412,50.13713025,240,3225
2022-11-23 23:54:39.420000,50.137972,50.137078,50.136246,50.139304,50.13765,240,3225
2022-11-23 23:54:39.440000,50.138004,50.137213,50.136291,50.137218,50.1371815,240,3225
2022-11-23 23:54:39.460000,50.138009,50.138621,50.137326,50.137074,50.13775749999999,240,3225
2022-11-23 23:54:39.480000,50.13807,50.139254,50.13817,50.138625,50.13852975,240,3225
2022-11-23 23:54:39.500000,50.138399,50.138726,50.138922,50.136643,50.138172499999996,240,3225
2022-11-23 23:54:39.520000,50.139028,50.138671,50.139766,50.138606,50.13901775000001,240,3225
2022-11-23 23:54:39.540000,50.138912,50.138815,50.139653,50.137911,50.13882275,240,3225
2022-11-23 23:54:39.560000,50.138523,50.139005,50.138944,50.138369,50.13871025,240,3225
2022-11-23 23:54:39.580000,50.138707,50.139676,50.138731,50.141236,50.1395875,240,3225
2022-11-23 23:54:39.600000,50.138771,50.140296,50.13856,50.139284,50.139227749999996,240,3225
2022-11-23 23:54:39.620000,50.138841,50.140148,50.138959,50.139886,50.139458499999996,240,3225
2022-11-23 23:54:39.640000,50.139046,50.139459,50.139748,50.13904,50.13932325,240,3225
2022-11-23 23:54:39.660000,50.139069,50.139129,50.139713,50.140509,50.139605,240,3225
2022-11-23 23:54:39.680000,50.139288,50.139588,50.139892,50.138889,50.13941425,240,3225
2022-11-23 23:54:39.700000,50.140325,50.140365,50.140739,50.140144,50.140393249999995,240,3225
2022-11-23 23:54:39.720000,50.141269,50.140904,50.141272,50.139606,50.14076275000001,240,3225
2022-11-23 23:54:39.740000,50.141325,50.141134,50.141006,50.141227,50.141172999999995,240,3225
2022-11-23 23:54:39.760000,50.141343,50.141032,50.140957,50.141398,50.141182500000006,240,3225
2022-11-23 23:54:39.780000,50.141357,50.140565,50.140846,50.140828,50.140899000000005,240,3225
2022-11-23 23:54:39.800000,50.140963,50.140259,50.140159,50.141005,50.1405965,240,3225
2022-11-23 23:54:39.820000,50.141426,50.140569,50.14024,50.143166,50.14135025,240,3225
2022-11-23 23:54:39.840000,50.142237,50.141032,50.140682,50.140704,50.14116375,240,3225
2022-11-23 23:54:39.860000,50.142029,50.141342,50.140846,50.141343,50.14139,240,3225
2022-11-23 23:54:39.880000,50.141381,50.14131,50.141099,50.141287,50.14126925,240,3225
2022-11-23 23:54:39.900000,50.141371,50.140838,50.141243,50.141287,50.14118475,240,3225
2022-11-23 23:54:39.920000,50.141982,50.140986,50.141872,50.140518,50.1413395,240,3225
2022-11-23 23:54:39.940000,50.142124,50.142023,50.142569,50.143185,50.142475250000004,240,3225
2022-11-23 23:54:39.960000,50.141055,50.142551,50.143173,50.141963,50.1421855,240,3225
2022-11-23 23:54:39.980000,50.140982,50.142634,50.143643,50.143917,50.142793999999995,240,3225
2022-11-23 23:54:40.000000,50.143292,50.142982,50.14335,50.143546,50.1432925,240,3225
2022-11-23 23:54:40.020000,50.14468,50.142666,50.142795,50.1425,50.143160249999994,240,3225
2022-11-23 23:54:40.040000,50.14388,50.142037,50.142686,50.142537,50.142785,240,3225
2022-11-23 23:54:40.060000,50.143541,50.142371,50.143646,50.143435,50.14324825,240,3225
2022-11-23 23:54:40.080000,50.143751,50.143278,50.143862,50.142389,50.14332,240,3225
2022-11-23 23:54:40.100000,50.142986,50.143635,50.143197,50.142417,50.14305875,240,3225
2022-11-23 23:54:40.120000,50.143032,50.142713,50.143298,50.143324,50.143091749999996,240,3225
2022-11-23 23:54:40.140000,50.143745,50.141791,50.143601,50.143852,50.14324725,240,3225
2022-11-23 23:54:40.160000,50.143459,50.142565,50.144165,50.144583,50.143693,240,3225
2022-11-23 23:54:40.180000,50.143838,50.143838,50.14473,50.144297,50.14417575,240,3225
2022-11-23 23:54:40.200000,50.145248,50.14412,50.145292,50.146806,50.1453665,240,3225
2022-11-23 23:54:40.220000,50.145607,50.143981,50.145493,50.145416,50.145124249999995,240,3225
2022-11-23 23:54:40.240000,50.144803,50.144444,50.145353,50.143796,50.144599,240,3225
2022-11-23 23:54:40.260000,50.144037,50.145413,50.145471,50.146101,50.14525549999999,240,3225
2022-11-23 23:54:40.280000,50.14453,50.145519,50.145464,50.144741,50.145063500000006,240,3225
2022-11-23 23:54:40.300000,50.145692,50.144986,50.145344,50.145213,50.14530875,240,3225
2022-11-23 23:54:40.320000,50.146553,50.14482,50.145984,50.145676,50.14575825,240,3225
2022-11-23 23:54:40.340000,50.146569,50.145352,50.146826,50.144908,50.145913750000005,240,3225
2022-11-23 23:54:40.360000,50.146807,50.145482,50.14747,50.145861,50.146405,240,3225
2022-11-23 23:54:40.380000,50.146612,50.144681,50.146962,50.147889,50.146536,240,3225
2022-11-23 23:54:40.400000,50.145686,50.144626,50.146275,50.145564,50.14553775,240,3225
2022-11-23 23:54:40.420000,50.145166,50.14543,50.145806,50.147074,50.145869,240,3225
2022-11-23 23:54:40.440000,50.145287,50.146898,50.145384,50.146667,50.146059,240,3225
2022-11-23 23:54:40.460000,50.145962,50.147934,50.146155,50.146268,50.146579749999994,240,3225
2022-11-23 23:54:40.480000,50.146905,50.147453,50.14714,50.146676,50.147043499999995,240,3225
2022-11-23 23:54:40.500000,50.147192,50.146334,50.147646,50.146519,50.14692275,240,3225
2022-11-23 23:54:40.520000,50.146908,50.146157,50.147983,50.146648,50.146924000000006,240,3225
2022-11-23 23:54:40.540000,50.146872,50.147662,50.148186,50.147935,50.14766375,240,3225
2022-11-23 23:54:40.560000,50.146814,50.149148,50.14838,50.147509,50.147962750000005,240,3225
2022-11-23 23:54:40.580000,50.146674,50.149212,50.148089,50.149398,50.148343249999996,240,3225
2022-11-23 23:54:40.600000,50.147134,50.148926,50.147635,50.147514,50.147802250000005,240,3225
2022-11-23 23:54:40.620000,50.148125,50.148805,50.147137,50.149486,50.14838825,240,3225
2022-11-23 23:54:40.640000,50.148658,50.14882,50.146887,50.146657,50.1477555,240,3225
2022-11-23 23:54:40.660000,50.148482,50.148759,50.147291,50.14812,50.148163000000004,240,3225
2022-11-23 23:54:40.680000,50.148051,50.148471,50.148092,50.148472,50.1482715,240,3225
2022-11-23 23:54:40.700000,50.148088,50.147984,50.148848,50.147916,50.14820900000001,240,3225
2022-11-23 23:54:40.720000,50.14824,50.147823,50.148998,50.149509,50.1486425,240,3225
2022-11-23 23:54:40.740000,50.148491,50.148232,50.149233,50.14799,50.1484865,240,3225
2022-11-23 23:54:40.760000,50.148977,50.149397,50.149181,50.15,50.14938875,240,3225
2022-11-23 23:54:40.780000,50.149773,50.150552,50.148754,50.150714,50.149948249999994,240,3225
2022-11-23 23:54:40.800000,50.150565,50.151501,50.148945,50.150306,50.15032925,240,3225
2022-11-23 23:54:40.820000,50.150509,50.152064,50.149195,50.150166,50.15048349999999,240,3225
2022-11-23 23:54:40.840000,50.150616,50.152215,50.149417,50.150787,50.15075875,240,3225
2022-11-23 23:54:40.860000,50.15131,50.151608,50.149896,50.150833,50.15091175,240,3225
2022-11-23 23:54:40.880000,50.151871,50.151217,50.150197,50.148593,50.1504695,240,3225
2022-11-23 23:54:40.900000,50.15149,50.151821,50.150567,50.151019,50.15122425,240,3225
2022-11-23 23:54:40.920000,50.151568,50.15262,50.151101,50.150676,50.15149125,240,3225
2022-11-23 23:54:40.940000,50.152194,50.15208,50.151854,50.152741,50.15221724999999,240,3225
2022-11-23 23:54:40.960000,50.152111,50.151585,50.152334,50.151556,50.1518965,240,3225
2022-11-23 23:54:40.980000,50.151815,50.152004,50.152065,50.153611,50.152373749999995,240,3225
2022-11-23 23:54:41.000000,50.152389,50.152841,50.151704,50.151009,50.151985749999994,240,3225
2022-11-23 23:54:41.020000,50.153629,50.153287,50.152307,50.151926,50.15278725,240,3225
2022-11-23 23:54:41.040000,50.154231,50.153505,50.152703,50.152324,50.15319075,240,3225
2022-11-23 23:54:41.060000,50.153565,50.153615,50.152974,50.151936,50.1530225,240,3225
2022-11-23 23:54:41.080000,50.153375,50.153134,50.154198,50.153954,50.15366525,240,3225
2022-11-23 23:54:41.100000,50.154287,50.152722,50.155314,50.154564,50.15422175,240,3225
2022-11-23 23:54:41.120000,50.154796,50.153153,50.155022,50.155139,50.1545275,240,3225
2022-11-23 23:54:41.140000,50.154819,50.154292,50.154933,50.154454,50.1546245,240,3225
2022-11-23 23:54:41.160000,50.155232,50.155389,50.15555,50.15563,50.15545025,240,3225
2022-11-23 23:54:41.180000,50.155733,50.155237,50.155731,50.155166,50.15546675,240,3225
2022-11-23 23:54:41.200000,50.155862,50.154857,50.155537,50.153398,50.154913500000006,240,3225
2022-11-23 23:54:41.220000,50.155769,50.155477,50.154837,50.155825,50.155477,240,3225
2022-11-23 23:54:41.240000,50.155694,50.156837,50.154975,50.154454,50.15549,240,3225
2022-11-23 23:54:41.260000,50.155865,50.158046,50.156125,50.15662,50.156664,240,3225
2022-11-23 23:54:41.280000,50.156578,50.158203,50.156378,50.157546,50.15717625,240,3225
2022-11-23 23:54:41.300000,50.157843,50.158453,50.156479,50.156593,50.157342,240,3225
2022-11-23 23:54:41.320000,50.159042,50.158912,50.157375,50.15849,50.15845475,240,3225
2022-11-23 23:54:41.340000,50.158852,50.158551,50.158146,50.158065,50.1584035,240,3225
2022-11-23 23:54:41.360000,50.157681,50.157745,50.158108,50.159315,50.15821225,240,3225
2022-11-23 23:54:41.380000,50.156861,50.157764,50.157746,50.157065,50.157359,240,3225
2022-11-23 23:54:41.400000,50.156936,50.15825,50.157557,50.157348,50.15752275,240,3225
2022-11-23 23:54:41.420000,50.157449,50.158357,50.157573,50.157537,50.157729,240,3225
2022-11-23 23:54:41.440000,50.157657,50.158356,50.15824,50.157755,50.158002,240,3225
2022-11-23 23:54:41.460000,50.157616,50.158015,50.159096,50.158625,50.158338,240,3225
2022-11-23 23:54:41.480000,50.15837,50.157879,50.159504,50.16081,50.15914075,240,3225
2022-11-23 23:54:41.500000,50.159449,50.158454,50.159719,50.160292,50.1594785,240,3225
2022-11-23 23:54:41.520000,50.159361,50.159171,50.159659,50.160143,50.159583500000004,240,3225
2022-11-23 23:54:41.540000,50.159274,50.159449,50.159643,50.160438,50.159701,240,3225
2022-11-23 23:54:41.560000,50.159875,50.159852,50.159923,50.159713,50.15984075,240,3225
2022-11-23 23:54:41.580000,50.160254,50.160945,50.160326,50.15973,50.16031375,240,3225
2022-11-23 23:54:41.600000,50.160097,50.161847,50.160951,50.160278,50.16079325,240,3225
2022-11-23 23:54:41.620000,50.160468,50.161856,50.161101,50.1626,50.16150625,240,3225
2022-11-23 23:54:41.640000,50.161291,50.161207,50.161112,50.159486,50.160774,240,3225
2022-11-23 23:54:41.660000,50.161491,50.160163,50.161459,50.161803,50.161229,240,3225
2022-11-23 23:54:41.680000,50.161393,50.16041,50.161971,50.163309,50.161770749999995,240,3225
2022-11-23 23:54:41.700000,50.161945,50.161315,50.162572,50.163324,50.162289,240,3225
2022-11-23 23:54:41.720000,50.162907,50.161491,50.162623,50.162526,50.162386749999996,240,3225
2022-11-23 23:54:41.740000,50.163351,50.162491,50.162499,50.161533,50.162468499999996,240,3225
2022-11-23 23:54:41.760000,50.163014,50.164301,50.162367,50.162463,50.163036250000005,240,3225
2022-11-23 23:54:41.780000,50.162997,50.164812,50.162438,50.161674,50.162980250000004,240,3225
2022-11-23 23:54:41.800000,50.163948,50.163834,50.16394,50.163324,50.16376149999999,240,3225
2022-11-23 23:54:41.820000,50.164722,50.163612,50.165264,50.16584,50.1648595,240,3225
2022-11-23 23:54:41.840000,50.165273,50.16456,50.16524,50.16556,50.16515825,240,3225
2022-11-23 23:54:41.860000,50.165699,50.164759,50.164839,50.165135,50.165108,240,3225
2022-11-23 23:54:41.880000,50.166084,50.163861,50.164245,50.164454,50.164661,240,3225
2022-11-23 23:54:41.900000,50.166764,50.163768,50.164337,50.164444,50.16482825,240,3225
2022-11-23 23:54:41.920000,50.167407,50.16476,50.165045,50.165695,50.16572675,240,3225
2022-11-23 23:54:41.940000,50.167051,50.165473,50.165323,50.165685,50.165883,240,3225
2022-11-23 23:54:41.960000,50.166453,50.165908,50.165829,50.16587,50.166015,240,3225
2022-11-23 23:54:41.980000,50.167024,50.166816,50.167208,50.166486,50.1668835,240,3225
2022-11-23 23:54:42.000000,50.168439,50.167324,50.168759,50.168065,50.168146750000005,240,3225
2022-11-23 23:54:42.020000,50.169302,50.166731,50.168819,50.169074,50.1684815,240,3225
2022-11-23 23:54:42.040000,50.169278,50.166051,50.168328,50.168139,50.167949,240,3225
2022-11-23 23:54:42.060000,50.16906,50.166176,50.168166,50.169435,50.16820925,240,3225
2022-11-23 23:54:42.080000,50.168629,50.166676,50.168215,50.166537,50.16751425,240,3225
2022-11-23 23:54:42.100000,50.168014,50.167283,50.169768,50.168629,50.1684235,240,3225
2022-11-23 23:54:42.120000,50.168792,50.167885,50.171121,50.168227,50.16900625,240,3225
2022-11-23 23:54:42.140000,50.169601,50.16825,50.170329,50.168274,50.1691135,240,3225
2022-11-23 23:54:42.160000,50.169301,50.168685,50.169309,50.169213,50.169127,240,3225
2022-11-23 23:54:42.180000,50.168778,50.169291,50.169254,50.170268,50.16939775,240,3225
2022-11-23 23:54:42.200000,50.16868,50.169399,50.16953,50.170694,50.16957575,240,3225
2022-11-23 23:54:42.220000,50.169133,50.169096,50.170099,50.170129,50.16961425,240,3225
2022-11-23 23:54:42.240000,50.169277,50.169412,50.170539,50.169907,50.16978375,240,3225
2022-11-23 23:54:42.260000,50.169046,50.169898,50.17028,50.170926,50.1700375,240,3225
2022-11-23 23:54:42.280000,50.170376,50.169769,50.169732,50.168064,50.16948525000001,240,3225
2022-11-23 23:54:42.300000,50.172425,50.16881,50.169909,50.170436,50.170395,240,3225
2022-11-23 23:54:42.320000,50.173143,50.168413,50.170756,50.171097,50.17085225,240,3225
2022-11-23 23:54:42.340000,50.172397,50.169708,50.171594,50.172338,50.17150925,240,3225
2022-11-23 23:54:42.360000,50.171093,50.170602,50.171902,50.171084,50.17117025,240,3225
2022-11-23 23:54:42.380000,50.170822,50.169435,50.171994,50.172639,50.1712225,240,3225
2022-11-23 23:54:42.400000,50.17168,50.167948,50.172309,50.170833,50.1706925,240,3225
2022-11-23 23:54:42.420000,50.172028,50.168342,50.173041,50.171037,50.17111200000001,240,3225
2022-11-23 23:54:42.440000,50.172034,50.169551,50.172835,50.170255,50.17116875,240,3225
2022-11-23 23:54:42.460000,50.17279,50.170657,50.171887,50.171977,50.17182775,240,3225
2022-11-23 23:54:42.480000,50.17317,50.172751,50.171355,50.171083,50.172089750000005,240,3225
2022-11-23 23:54:42.500000,50.172103,50.174028,50.171893,50.173333,50.172839249999996,240,3225
2022-11-23 23:54:42.520000,50.171804,50.173112,50.172041,50.17401,50.17274175000001,240,3225
2022-11-23 23:54:42.540000,50.172603,50.172138,50.171056,50.171833,50.171907499999996,240,3225
2022-11-23 23:54:42.560000,50.173332,50.172852,50.171111,50.173065,50.17259,240,3225
2022-11-23 23:54:42.580000,50.17413,50.173726,50.172122,50.17288,50.1732145,240,3225
2022-11-23 23:54:42.600000,50.174588,50.173005,50.17336,50.172963,50.17347900000001,240,3225
2022-11-23 23:54:42.620000,50.173713,50.171848,50.174244,50.173574,50.173344750000005,240,3225
2022-11-23 23:54:42.640000,50.173109,50.172491,50.173935,50.174713,50.173562,240,3225
2022-11-23 23:54:42.660000,50.173241,50.173819,50.173468,50.174333,50.17371525,240,3225
2022-11-23 23:54:42.680000,50.173339,50.174463,50.173365,50.172732,50.17347475,240,3225
2022-11-23 23:54:42.700000,50.173875,50.174741,50.173945,50.175305,50.1744665,240,3225
2022-11-23 23:54:42.720000,50.174921,50.175137,50.174642,50.175287,50.17499675,240,3225
2022-11-23 23:54:42.740000,50.175459,50.17494,50.174416,50.174129,50.174735999999996,240,3225
2022-11-23 23:54:42.760000,50.175255,50.174736,50.174388,50.173815,50.1745485,240,3225
2022-11-23 23:54:42.780000,50.175138,50.174966,50.174633,50.174805,50.174885499999995,240,3225
2022-11-23 23:54:42.800000,50.175347,50.175412,50.174506,50.174324,50.17489725,240,3225
2022-11-23 23:54:42.820000,50.176005,50.175926,50.175325,50.176851,50.176026750000005,240,3225
2022-11-23 23:54:42.840000,50.176722,50.176553,50.176203,50.17688,50.17658949999999,240,3225
2022-11-23 23:54:42.860000,50.176861,50.17626,50.177013,50.17625,50.176596,240,3225
2022-11-23 23:54:42.880000,50.176556,50.175504,50.176729,50.176445,50.1763085,240,3225
2022-11-23 23:54:42.900000,50.176634,50.175933,50.176426,50.175343,50.176083999999996,240,3225
2022-11-23 23:54:42.920000,50.176777,50.17722,50.177173,50.176713,50.17697075,240,3225
2022-11-23 23:54:42.940000,50.176371,50.177579,50.177269,50.176093,50.176828,240,3225
2022-11-23 23:54:42.960000,50.17581,50.176735,50.176576,50.175967,50.176272,240,3225
2022-11-23 23:54:42.980000,50.176024,50.176364,50.175349,50.17793,50.17641675,240,3225
2022-11-23 23:54:43.000000,50.1768,50.17622,50.175251,50.177176,50.176361750000005,240,3225
2022-11-23 23:54:43.020000,50.17769,50.176509,50.177638,50.176472,50.177077249999996,240,3225
2022-11-23 23:54:43.040000,50.177754,50.178187,50.179455,50.178454,50.178462499999995,240,3225
2022-11-23 23:54:43.060000,50.177528,50.17956,50.179255,50.176787,50.178282499999995,240,3225
2022-11-23 23:54:43.080000,50.177714,50.17932,50.178518,50.176074,50.1779065,240,3225
2022-11-23 23:54:43.100000,50.177588,50.178945,50.177804,50.177787,50.178031,240,3225
2022-11-23 23:54:43.120000,50.177454,50.178537,50.177645,50.177829,50.17786625,240,3225
2022-11-23 23:54:43.140000,50.177454,50.178333,50.177902,50.178745,50.17810849999999,240,3225
2022-11-23 23:54:43.160000,50.177204,50.178647,50.178532,50.179685,50.178517,240,3225
2022-11-23 23:54:43.180000,50.177486,50.179264,50.179061,50.178732,50.17863575,240,3225
2022-11-23 23:54:43.200000,50.178588,50.179611,50.179794,50.178528,50.17913025,240,3225
2022-11-23 23:54:43.220000,50.178727,50.179574,50.18036,50.178611,50.179318,240,3225
2022-11-23 23:54:43.240000,50.178435,50.179769,50.179348,50.176518,50.1785175,240,3225
2022-11-23 23:54:43.260000,50.179023,50.180134,50.178218,50.178325,50.178925,240,3225
2022-11-23 23:54:43.280000,50.179403,50.180472,50.17835,50.179259,50.179371,240,3225
2022-11-23 23:54:43.300000,50.179283,50.180907,50.178314,50.180444,50.179736999999996,240,3225
2022-11-23 23:54:43.320000,50.179907,50.181592,50.178574,50.180009,50.1800205,240,3225
2022-11-23 23:54:43.340000,50.180195,50.181583,50.179333,50.179319,50.1801075,240,3225
2022-11-23 23:54:43.360000,50.179274,50.180417,50.179327,50.179736,50.1796885,240,3225
2022-11-23 23:54:43.380000,50.17894,50.179307,50.179929,50.178338,50.179128500000004,240,3225
2022-11-23 23:54:43.400000,50.179841,50.179385,50.181181,50.178852,50.179814750000006,240,3225
2022-11-23 23:54:43.420000,50.180792,50.180208,50.181536,50.17975,50.1805715,240,3225
2022-11-23 23:54:43.440000,50.181052,50.181185,50.181332,50.181769,50.1813345,240,3225
2022-11-23 23:54:43.460000,50.180444,50.181667,50.181047,50.18196,50.1812795,240,3225
2022-11-23 23:54:43.480000,50.179782,50.181417,50.180455,50.180444,50.1805245,240,3225
2022-11-23 23:54:43.500000,50.180032,50.181319,50.17961,50.181094,50.180513749999996,240,3225
2022-11-23 23:54:43.520000,50.180652,50.18174,50.179413,50.180981,50.1806965,240,3225
2022-11-23 23:54:43.540000,50.181049,50.18238,50.17996,50.180531,50.18098,240,3225
2022-11-23 23:54:43.560000,50.182018,50.182806,50.180817,50.180298,50.181484749999996,240,3225
2022-11-23 23:54:43.580000,50.182865,50.182523,50.181847,50.182369,50.182401,240,3225
2022-11-23 23:54:43.600000,50.182468,50.181797,50.181932,50.183868,50.18251625,240,3225
2022-11-23 23:54:43.620000,50.181972,50.181607,50.18165,50.183075,50.182076,240,3225
2022-11-23 23:54:43.640000,50.182384,50.182134,50.182248,50.183193,50.18248975,240,3225
2022-11-23 23:54:43.660000,50.182593,50.182451,50.182213,50.182762,50.18250475,240,3225
2022-11-23 23:54:43.680000,50.183065,50.182509,50.182056,50.181131,50.182190250000005,240,3225
2022-11-23 23:54:43.700000,50.183552,50.18232,50.182232,50.181804,50.182477,240,3225
2022-11-23 23:54:43.720000,50.183584,50.182212,50.18239,50.182488,50.1826685,240,3225
2022-11-23 23:54:43.740000,50.183643,50.182148,50.182918,50.183054,50.18294075,240,3225
2022-11-23 23:54:43.760000,50.183301,50.182357,50.183359,50.184984,50.183500249999994,240,3225
2022-11-23 23:54:43.780000,50.183533,50.183283,50.184055,50.183898,50.18369225,240,3225
2022-11-23 23:54:43.800000,50.184844,50.183839,50.184501,50.184458,50.1844105,240,3225
2022-11-23 23:54:43.820000,50.186065,50.183393,50.184878,50.183579,50.184478750000004,240,3225
2022-11-23 23:54:43.840000,50.186306,50.183662,50.185559,50.185426,50.18523825,240,3225
2022-11-23 23:54:43.860000,50.185801,50.183995,50.185816,50.184055,50.18491675,240,3225
2022-11-23 23:54:43.880000,50.185157,50.183245,50.185793,50.185125,50.18483,240,3225
2022-11-23 23:54:43.900000,50.185588,50.183536,50.185803,50.185588,50.18512875,240,3225
2022-11-23 23:54:43.920000,50.18613,50.184288,50.185473,50.185088,50.18524475,240,3225
2022-11-23 23:54:43.940000,50.185264,50.183626,50.185436,50.185838,50.185041,240,3225
2022-11-23 23:54:43.960000,50.184463,50.182889,50.185541,50.185856,50.18468725,240,3225
2022-11-23 23:54:43.980000,50.185926,50.182972,50.185881,50.184,50.18469475,240,3225
2022-11-23 23:54:44.000000,50.186861,50.183681,50.186608,50.185333,50.18562075,240,3225
2022-11-23 23:54:44.020000,50.185783,50.18519,50.18643,50.18549,50.185723249999995,240,3225
2022-11-23 23:54:44.040000,50.185434,50.186333,50.186412,50.185833,50.186003,240,3225
2022-11-23 23:54:44.060000,50.186496,50.186287,50.186693,50.186297,50.186443249999996,240,3225
2022-11-23 23:54:44.080000,50.185926,50.185587,50.186148,50.187213,50.186218499999995,240,3225
2022-11-23 23:54:44.100000,50.185037,50.185445,50.186126,50.1865,50.185777,240,3225
2022-11-23 23:54:44.120000,50.186032,50.185829,50.187137,50.188074,50.186768,240,3225
2022-11-23 23:54:44.140000,50.186685,50.18625,50.187346,50.185685,50.1864915,240,3225
2022-11-23 23:54:44.160000,50.185556,50.186389,50.187028,50.186694,50.18641674999999,240,3225
2022-11-23 23:54:44.180000,50.184937,50.185287,50.186892,50.186556,50.185918,240,3225
2022-11-23 23:54:44.200000,50.185273,50.183763,50.187134,50.187629,50.185949750000006,240,3225
2022-11-23 23:54:44.220000,50.185939,50.184199,50.186904,50.185824,50.1857165,240,3225
2022-11-23 23:54:44.240000,50.185988,50.185727,50.186461,50.186463,50.18615975,240,3225
2022-11-23 23:54:44.260000,50.186271,50.186495,50.186857,50.187306,50.18673225,240,3225
2022-11-23 23:54:44.280000,50.187161,50.186649,50.187106,50.187694,50.1871525,240,3225
2022-11-23 23:54:44.300000,50.187237,50.186269,50.186808,50.184759,50.18626825,240,3225
2022-11-23 23:54:44.320000,50.186272,50.185505,50.186081,50.185862,50.18593,240,3225
2022-11-23 23:54:44.340000,50.186603,50.185528,50.18578,50.186518,50.18610725,240,3225
2022-11-23 23:54:44.360000,50.187879,50.186337,50.186698,50.187389,50.18707575,240,3225
2022-11-23 23:54:44.380000,50.188314,50.187027,50.187166,50.187186,50.187423249999995,240,3225
2022-11-23 23:54:44.400000,50.187818,50.187412,50.187505,50.187889,50.187656000000004,240,3225
2022-11-23 23:54:44.420000,50.187269,50.187416,50.187867,50.18762,50.187543,240,3225
2022-11-23 23:54:44.440000,50.187042,50.186806,50.18739,50.186954,50.187048000000004,240,3225
2022-11-23 23:54:44.460000,50.187051,50.186449,50.187388,50.185722,50.1866525,240,3225
2022-11-23 23:54:44.480000,50.187199,50.187051,50.18712,50.184565,50.186483749999994,240,3225
2022-11-23 23:54:44.500000,50.187362,50.188329,50.186335,50.187694,50.18743,240,3225
2022-11-23 23:54:44.520000,50.187602,50.189166,50.186371,50.187907,50.1877615,240,3225
2022-11-23 23:54:44.540000,50.188221,50.188053,50.186615,50.188583,50.187867999999995,240,3225
2022-11-23 23:54:44.560000,50.187551,50.186925,50.186703,50.186634,50.18695325,240,3225
2022-11-23 23:54:44.580000,50.186398,50.187534,50.186903,50.184653,50.186372,240,3225
2022-11-23 23:54:44.600000,50.186208,50.188545,50.187695,50.189444,50.187973,240,3225
2022-11-23 23:54:44.620000,50.186848,50.189238,50.18807,50.187463,50.18790475,240,3225
2022-11-23 23:54:44.640000,50.187528,50.190113,50.187673,50.188046,50.18834,240,3225
2022-11-23 23:54:44.660000,50.187607,50.18931,50.187287,50.187648,50.187962999999996,240,3225
2022-11-23 23:54:44.680000,50.187471,50.187834,50.187201,50.189287,50.18794825,240,3225
2022-11-23 23:54:44.700000,50.187699,50.187935,50.187292,50.18669,50.187404,240,3225
2022-11-23 23:54:44.720000,50.18762,50.188825,50.187566,50.187773,50.187946,240,3225
2022-11-23 23:54:44.740000,50.187144,50.189214,50.187576,50.187732,50.1879165,240,3225
2022-11-23 23:54:44.760000,50.187213,50.18879,50.187232,50.187176,50.187602749999996,240,3225
2022-11-23 23:54:44.780000,50.187703,50.187584,50.187382,50.185926,50.18714875,240,3225
2022-11-23 23:54:44.800000,50.188001,50.18711,50.187885,50.18876,50.187939,240,3225
2022-11-23 23:54:44.820000,50.188333,50.187865,50.18898,50.188592,50.1884425,240,3225
2022-11-23 23:54:44.840000,50.188244,50.18832,50.189562,50.189778,50.188976,240,3225
2022-11-23 23:54:44.860000,50.187828,50.188819,50.188932,50.188852,50.18860775,240,3225
2022-11-23 23:54:44.880000,50.186991,50.189797,50.188268,50.186898,50.1879885,240,3225
2022-11-23 23:54:44.900000,50.18612,50.189777,50.187594,50.187129,50.187655,240,3225
2022-11-23 23:54:44.920000,50.186582,50.188615,50.187129,50.18763,50.187489,240,3225
2022-11-23 23:54:44.940000,50.187282,50.188222,50.186981,50.187491,50.187494,240,3225
2022-11-23 23:54:44.960000,50.187408,50.189272,50.187302,50.18988,50.18846550000001,240,3225
2022-11-23 23:54:44.980000,50.188232,50.190565,50.188722,50.188722,50.18906025,240,3225
2022-11-23 23:54:45.000000,50.189718,50.190445,50.18967,50.189324,50.18978925,240,3225
2022-11-23 23:54:45.020000,50.189949,50.189009,50.1892,50.188861,50.189254749999996,240,3225
2022-11-23 23:54:45.040000,50.189477,50.18888,50.187969,50.186805,50.18828275,240,3225
2022-11-23 23:54:45.060000,50.189454,50.189518,50.187166,50.18763,50.188441999999995,240,3225
2022-11-23 23:54:45.080000,50.189046,50.189371,50.187732,50.188268,50.18860425,240,3225
2022-11-23 23:54:45.100000,50.189094,50.189467,50.188539,50.189953,50.189263249999996,240,3225
2022-11-23 23:54:45.120000,50.189294,50.18981,50.188944,50.190162,50.189552500000005,240,3225
2022-11-23 23:54:45.140000,50.188537,50.189379,50.189168,50.190426,50.1893775,240,3225
2022-11-23 23:54:45.160000,50.18888,50.188611,50.189136,50.189819,50.189111499999996,240,3225
2022-11-23 23:54:45.180000,50.190203,50.188459,50.189201,50.189032,50.18922375,240,3225
2022-11-23 23:54:45.200000,50.190038,50.188783,50.188828,50.189593,50.189310500000005,240,3225
2022-11-23 23:54:45.220000,50.189575,50.189801,50.188884,50.187639,50.18897475,240,3225
2022-11-23 23:54:45.240000,50.1903,50.190996,50.190336,50.190983,50.190653749999996,240,3225
2022-11-23 23:54:45.260000,50.190671,50.190889,50.191288,50.191101,50.190987250000006,240,3225
2022-11-23 23:54:45.280000,50.190612,50.190092,50.190892,50.190837,50.19060825,240,3225
2022-11-23 23:54:45.300000,50.190439,50.189569,50.190299,50.190574,50.19022025,240,3225
2022-11-23 23:54:45.320000,50.190611,50.189777,50.19007,50.19039,50.190212,240,3225
2022-11-23 23:54:45.340000,50.191106,50.190162,50.190145,50.188132,50.18988625,240,3225
2022-11-23 23:54:45.360000,50.191565,50.190131,50.190281,50.190332,50.190577250000004,240,3225
2022-11-23 23:54:45.380000,50.191287,50.190108,50.190704,50.191145,50.190811,240,3225
2022-11-23 23:54:45.400000,50.190597,50.190228,50.190828,50.192054,50.19092675,240,3225
2022-11-23 23:54:45.420000,50.190639,50.190388,50.190738,50.191558,50.19083075,240,3225
2022-11-23 23:54:45.440000,50.190676,50.19069,50.191309,50.190964,50.19090975,240,3225
2022-11-23 23:54:45.460000,50.190807,50.191147,50.191216,50.189831,50.19075025,240,3225
2022-11-23 23:54:45.480000,50.191619,50.191068,50.190758,50.191392,50.19120925,240,3225
2022-11-23 23:54:45.500000,50.191681,50.190069,50.191131,50.188645,50.1903815,240,3225
2022-11-23 23:54:45.520000,50.191556,50.18956,50.192011,50.190945,50.191018,240,3225
2022-11-23 23:54:45.540000,50.191917,50.189278,50.191912,50.192254,50.191340249999996,240,3225
2022-11-23 23:54:45.560000,50.191555,50.189403,50.191185,50.193301,50.19136099999999,240,3225
2022-11-23 23:54:45.580000,50.191551,50.190676,50.191133,50.192241,50.19140025,240,3225
2022-11-23 23:54:45.600000,50.192769,50.192102,50.192135,50.191365,50.19209275,240,3225
2022-11-23 23:54:45.620000,50.193004,50.192445,50.19291,50.191533,50.19247299999999,240,3225
2022-11-23 23:54:45.640000,50.192856,50.192135,50.192993,50.190574,50.1921395,240,3225
2022-11-23 23:54:45.660000,50.19337,50.19186,50.193062,50.192074,50.1925915,240,3225
2022-11-23 23:54:45.680000,50.192385,50.192227,50.193102,50.19337,50.19277100000001,240,3225
2022-11-23 23:54:45.700000,50.191177,50.193185,50.19308,50.193398,50.192710000000005,240,3225
2022-11-23 23:54:45.720000,50.191421,50.193519,50.19241,50.193759,50.19277725,240,3225
2022-11-23 23:54:45.740000,50.191394,50.192871,50.19174,50.191574,50.19189475,240,3225
2022-11-23 23:54:45.760000,50.191686,50.19219,50.192495,50.192333,50.192175999999996,240,3225
2022-11-23 23:54:45.780000,50.193383,50.192061,50.193418,50.190796,50.192414500000005,240,3225
2022-11-23 23:54:45.800000,50.194009,50.192925,50.193584,50.19213,50.193161999999994,240,3225
2022-11-23 23:54:45.820000,50.192667,50.193953,50.193474,50.193019,50.19327825,240,3225
2022-11-23 23:54:45.840000,50.191551,50.194066,50.192527,50.194648,50.193198,240,3225
2022-11-23 23:54:45.860000,50.191259,50.192639,50.191383,50.193268,50.19213725,240,3225
2022-11-23 23:54:45.880000,50.191347,50.19106,50.191249,50.19312,50.191694,240,3225
2022-11-23 23:54:45.900000,50.191861,50.191171,50.192,50.192176,50.191801999999996,240,3225
2022-11-23 23:54:45.920000,50.192584,50.192704,50.193315,50.191657,50.192564999999995,240,3225
2022-11-23 23:54:45.940000,50.193448,50.194167,50.194102,50.192917,50.1936585,240,3225
2022-11-23 23:54:45.960000,50.193533,50.194482,50.194035,50.193473,50.19388074999999,240,3225
2022-11-23 23:54:45.980000,50.193086,50.194046,50.193163,50.193657,50.193488,240,3225
2022-11-23 23:54:46.000000,50.192248,50.19356,50.192127,50.192944,50.192719749999995,240,3225
2022-11-23 23:54:46.020000,50.192304,50.193857,50.192009,50.192556,50.1926815,240,3225
2022-11-23 23:54:46.040000,50.19301,50.194309,50.192425,50.192675,50.19310475,240,3225
2022-11-23 23:54:46.060000,50.193631,50.194366,50.193093,50.191936,50.193256500000004,240,3225
2022-11-23 23:54:46.080000,50.194484,50.194413,50.193414,50.194444,50.19418875,240,3225
2022-11-23 23:54:46.100000,50.194724,50.194222,50.193121,50.193176,50.19381075,240,3225
2022-11-23 23:54:46.120000,50.19451,50.193731,50.193374,50.194648,50.19406575,240,3225
2022-11-23 23:54:46.140000,50.193497,50.193533,50.193279,50.193546,50.19346375,240,3225
2022-11-23 23:54:46.160000,50.191823,50.194462,50.192212,50.19463,50.19328175,240,3225
2022-11-23 23:54:46.180000,50.191996,50.195773,50.192461,50.192666,50.193224,240,3225
2022-11-23 23:54:46.200000,50.193758,50.1955,50.193369,50.193565,50.194048,240,3225
2022-11-23 23:54:46.220000,50.194437,50.194028,50.193652,50.193722,50.19395975,240,3225
2022-11-23 23:54:46.240000,50.194222,50.194018,50.19394,50.193732,50.193978,240,3225
2022-11-23 23:54:46.260000,50.194251,50.193783,50.194269,50.195203,50.1943765,240,3225
2022-11-23 23:54:46.280000,50.194579,50.191727,50.194929,50.194556,50.19394775,240,3225
2022-11-23 23:54:46.300000,50.19519,50.191748,50.195338,50.196009,50.194571249999996,240,3225
2022-11-23 23:54:46.320000,50.196019,50.19428,50.195552,50.195083,50.1952335,240,3225
2022-11-23 23:54:46.340000,50.195754,50.194707,50.196095,50.194361,50.19522925,240,3225
2022-11-23 23:54:46.360000,50.195157,50.19388,50.195848,50.194861,50.1949365,240,3225
2022-11-23 23:54:46.380000,50.196023,50.194303,50.195659,50.195,50.19524625,240,3225
2022-11-23 23:54:46.400000,50.197631,50.195637,50.195576,50.196074,50.1962295,240,3225
2022-11-23 23:54:46.420000,50.197363,50.196584,50.195041,50.19712,50.196527,240,3225
2022-11-23 23:54:46.440000,50.196038,50.19647,50.194578,50.195222,50.195577,240,3225
2022-11-23 23:54:46.460000,50.195061,50.195748,50.194492,50.195296,50.19514925,240,3225
2022-11-23 23:54:46.480000,50.194727,50.195226,50.195271,50.19462,50.19496099999999,240,3225
2022-11-23 23:54:46.500000,50.195328,50.195338,50.196188,50.194259,50.19527825,240,3225
2022-11-23 23:54:46.520000,50.195957,50.195815,50.19645,50.195389,50.19590275,240,3225
2022-11-23 23:54:46.540000,50.195931,50.195725,50.196711,50.197445,50.196453000000005,240,3225
2022-11-23 23:54:46.560000,50.195926,50.195543,50.197204,50.197037,50.1964275,240,3225
2022-11-23 23:54:46.580000,50.196051,50.19583,50.19732,50.197675,50.196719,240,3225
2022-11-23 23:54:46.600000,50.196652,50.196523,50.196917,50.196324,50.196604,240,3225
2022-11-23 23:54:46.620000,50.196954,50.196579,50.196427,50.195565,50.19638125,240,3225
2022-11-23 23:54:46.640000,50.196394,50.196297,50.196016,50.194898,50.19590125,240,3225
2022-11-23 23:54:46.660000,50.195667,50.196481,50.196004,50.195,50.19578799999999,240,3225
2022-11-23 23:54:46.680000,50.195976,50.196116,50.196662,50.198287,50.19676025,240,3225
2022-11-23 23:54:46.700000,50.196583,50.194495,50.197354,50.197213,50.19641125,240,3225
2022-11-23 23:54:46.720000,50.196737,50.194666,50.197567,50.198491,50.196865249999995,240,3225
2022-11-23 23:54:46.740000,50.196686,50.196842,50.197088,50.196518,50.1967835,240,3225
2022-11-23 23:54:46.760000,50.196671,50.19789,50.196843,50.195565,50.19674225,240,3225
2022-11-23 23:54:46.780000,50.196917,50.197732,50.19702,50.196852,50.19713025,240,3225
2022-11-23 23:54:46.800000,50.197115,50.19732,50.197162,50.197741,50.1973345,240,3225
2022-11-23 23:54:46.820000,50.197221,50.197208,50.19762,50.197672,50.19743025,240,3225
2022-11-23 23:54:46.840000,50.197487,50.197463,50.197312,50.198865,50.197781750000004,240,3225
2022-11-23 23:54:46.860000,50.197843,50.197291,50.197006,50.19738,50.19738,240,3225
2022-11-23 23:54:46.880000,50.19807,50.197038,50.197552,50.19775,50.1976025,240,3225
2022-11-23 23:54:46.900000,50.198499,50.197162,50.198857,50.197375,50.19797325,240,3225
2022-11-23 23:54:46.920000,50.199198,50.196912,50.199507,50.197898,50.19837875,240,3225
2022-11-23 23:54:46.940000,50.198681,50.19631,50.198513,50.198218,50.1979305,240,3225
2022-11-23 23:54:46.960000,50.197922,50.196315,50.197618,50.198062,50.19747925,240,3225
2022-11-23 23:54:46.980000,50.198347,50.196963,50.197494,50.199424,50.198057,240,3225
2022-11-23 23:54:47.000000,50.198907,50.197926,50.197789,50.199048,50.198417500000005,240,3225
2022-11-23 23:54:47.020000,50.198995,50.198653,50.198405,50.197773,50.198456500000006,240,3225
2022-11-23 23:54:47.040000,50.199847,50.198199,50.198389,50.197513,50.198487,240,3225
2022-11-23 23:54:47.060000,50.200157,50.197236,50.198392,50.198619,50.198601,240,3225
2022-11-23 23:54:47.080000,50.199,50.197074,50.198295,50.197072,50.19786025,240,3225
2022-11-23 23:54:47.100000,50.198569,50.197657,50.198031,50.198466,50.19818075,240,3225
2022-11-23 23:54:47.120000,50.199107,50.198032,50.197959,50.199293,50.198597750000005,240,3225
2022-11-23 23:54:47.140000,50.198852,50.198268,50.198072,50.199056,50.198561999999995,240,3225
2022-11-23 23:54:47.160000,50.198689,50.198301,50.198634,50.199306,50.1987325,240,3225
2022-11-23 23:54:47.180000,50.199338,50.198256,50.198956,50.198055,50.19865125,240,3225
2022-11-23 23:54:47.200000,50.199806,50.198014,50.198361,50.19899,50.19879275,240,3225
2022-11-23 23:54:47.220000,50.199273,50.198088,50.198086,50.198627,50.19851849999999,240,3225
2022-11-23 23:54:47.240000,50.198912,50.198759,50.198111,50.199871,50.19891325,240,3225
2022-11-23 23:54:47.260000,50.199472,50.199259,50.198599,50.200111,50.19936025,240,3225
2022-11-23 23:54:47.280000,50.199894,50.19863,50.200247,50.19962,50.19959775,240,3225
2022-11-23 23:54:47.300000,50.199908,50.19774,50.201444,50.20025,50.199835500000006,240,3225
2022-11-23 23:54:47.320000,50.200111,50.19799,50.200474,50.198894,50.199367249999995,240,3225
2022-11-23 23:54:47.340000,50.199453,50.19901,50.19921,50.197208,50.198720249999994,240,3225
2022-11-23 23:54:47.360000,50.198653,50.200098,50.199013,50.198477,50.19906025,240,3225
2022-11-23 23:54:47.380000,50.199048,50.200098,50.199445,50.19906,50.19941275,240,3225
2022-11-23 23:54:47.400000,50.199675,50.199083,50.199301,50.199972,50.19950775,240,3225
2022-11-23 23:54:47.420000,50.199537,50.198436,50.198924,50.199194,50.199022750000005,240,3225
2022-11-23 23:54:47.440000,50.198746,50.198435,50.199115,50.199444,50.198935,240,3225
2022-11-23 23:54:47.460000,50.198346,50.198477,50.199045,50.198445,50.19857825,240,3225
2022-11-23 23:54:47.480000,50.198345,50.198398,50.199054,50.197815,50.198403,240,3225
2022-11-23 23:54:47.500000,50.198532,50.19887,50.199753,50.199805,50.199239999999996,240,3225
2022-11-23 23:54:47.520000,50.198653,50.199454,50.199761,50.199602,50.1993675,240,3225
2022-11-23 23:54:47.540000,50.198292,50.199232,50.198585,50.199861,50.1989925,240,3225
2022-11-23 23:54:47.560000,50.198046,50.198991,50.197321,50.198778,50.198284,240,3225
2022-11-23 23:54:47.580000,50.198513,50.199606,50.19783,50.198685,50.19865850000001,240,3225
2022-11-23 23:54:47.600000,50.198765,50.199953,50.198817,50.198519,50.1990135,240,3225
2022-11-23 23:54:47.620000,50.198657,50.199625,50.198897,50.197111,50.1985725,240,3225
2022-11-23 23:54:47.640000,50.198369,50.198398,50.198821,50.197861,50.19836225,240,3225
2022-11-23 23:54:47.660000,50.197462,50.197342,50.19839,50.198639,50.19795825,240,3225
2022-11-23 23:54:47.680000,50.196927,50.198065,50.198091,50.19962,50.198175750000004,240,3225
2022-11-23 23:54:47.700000,50.197452,50.198935,50.198753,50.199653,50.19869825000001,240,3225
2022-11-23 23:54:47.720000,50.198216,50.199547,50.199126,50.197635,50.198631,240,3225
2022-11-23 23:54:47.740000,50.198542,50.200195,50.19891,50.198648,50.19907375,240,3225
2022-11-23 23:54:47.760000,50.198054,50.199916,50.198647,50.197908,50.198631250000005,240,3225
2022-11-23 23:54:47.780000,50.19736,50.198917,50.198295,50.198018,50.1981475,240,3225
2022-11-23 23:54:47.800000,50.197784,50.198657,50.198143,50.198213,50.19819925,240,3225
2022-11-23 23:54:47.820000,50.197977,50.199292,50.198516,50.200056,50.19896024999999,240,3225
2022-11-23 23:54:47.840000,50.197505,50.199782,50.198202,50.198296,50.19844625,240,3225
2022-11-23 23:54:47.860000,50.197739,50.199278,50.197283,50.198075,50.19809375,240,3225
2022-11-23 23:54:47.880000,50.198,50.198301,50.196701,50.196,50.197250499999996,240,3225
2022-11-23 23:54:47.900000,50.197969,50.197653,50.196935,50.197491,50.197512,240,3225
2022-11-23 23:54:47.920000,50.197518,50.198036,50.195941,50.19787,50.19734125,240,3225
2022-11-23 23:54:47.940000,50.196852,50.198894,50.194323,50.198888,50.197239249999996,240,3225
2022-11-23 23:54:47.960000,50.197286,50.199074,50.195743,50.198444,50.19763675,240,3225
2022-11-23 23:54:47.980000,50.198161,50.198429,50.197596,50.198287,50.19811825,240,3225
2022-11-23 23:54:48.000000,50.198459,50.1976,50.197554,50.19776,50.197843250000005,240,3225
2022-11-23 23:54:48.020000,50.198671,50.197042,50.198432,50.196815,50.197739999999996,240,3225
2022-11-23 23:54:48.040000,50.198792,50.196767,50.200023,50.196361,50.197985749999994,240,3225
2022-11-23 23:54:48.060000,50.198343,50.197146,50.199823,50.197204,50.198129,240,3225
2022-11-23 23:54:48.080000,50.19732,50.19839,50.198699,50.197546,50.19798875000001,240,3225
2022-11-23 23:54:48.100000,50.197185,50.199509,50.198177,50.197723,50.1981485,240,3225
2022-11-23 23:54:48.120000,50.19819,50.199351,50.197774,50.198184,50.19837475,240,3225
2022-11-23 23:54:48.140000,50.198083,50.198336,50.197486,50.197121,50.197756500000004,240,3225
2022-11-23 23:54:48.160000,50.197663,50.198396,50.19728,50.197472,50.197702750000005,240,3225
2022-11-23 23:54:48.180000,50.1983,50.198906,50.197266,50.1975,50.197993,240,3225
2022-11-23 23:54:48.200000,50.198449,50.198612,50.196951,50.196843,50.19771375,240,3225
2022-11-23 23:54:48.220000,50.197666,50.197822,50.19666,50.197528,50.197419000000004,240,3225
2022-11-23 23:54:48.240000,50.196986,50.197204,50.196402,50.197167,50.196939750000006,240,3225
2022-11-23 23:54:48.260000,50.196649,50.196498,50.196474,50.197824,50.19686125,240,3225
2022-11-23 23:54:48.280000,50.196352,50.195598,50.197063,50.197343,50.196588999999996,240,3225
2022-11-23 23:54:48.300000,50.196829,50.196065,50.197515,50.197467,50.196968999999996,240,3225
2022-11-23 23:54:48.320000,50.198579,50.197977,50.198137,50.196968,50.19791525,240,3225
2022-11-23 23:54:48.340000,50.1993,50.198666,50.19904,50.197593,50.19864975,240,3225
2022-11-23 23:54:48.360000,50.198014,50.19738,50.199267,50.196731,50.197848,240,3225
2022-11-23 23:54:48.380000,50.196964,50.195675,50.198551,50.197787,50.197244250000004,240,3225
2022-11-23 23:54:48.400000,50.197005,50.195195,50.197377,50.193972,50.195887250000006,240,3225
2022-11-23 23:54:48.420000,50.197255,50.196176,50.196419,50.197528,50.1968445,240,3225
2022-11-23 23:54:48.440000,50.196986,50.196954,50.195752,50.198075,50.19694175000001,240,3225
2022-11-23 23:54:48.460000,50.196634,50.196571,50.195885,50.196944,50.1965085,240,3225
2022-11-23 23:54:48.480000,50.196181,50.195681,50.196895,50.196518,50.196318749999996,240,3225
2022-11-23 23:54:48.500000,50.195671,50.194838,50.197053,50.196371,50.19598325,240,3225
2022-11-23 23:54:48.520000,50.195852,50.195268,50.197162,50.197514,50.196449,240,3225
2022-11-23 23:54:48.540000,50.196533,50.196167,50.197402,50.19594,50.1965105,240,3225
2022-11-23 23:54:48.560000,50.196441,50.19599,50.19622,50.193921,50.195643000000004,240,3225
2022-11-23 23:54:48.580000,50.195778,50.195223,50.195185,50.195939,50.19553125,240,3225
2022-11-23 23:54:48.600000,50.195629,50.194333,50.195568,50.196421,50.19548775,240,3225
2022-11-23 23:54:48.620000,50.195694,50.193546,50.195275,50.195838,50.195088250000005,240,3225
2022-11-23 23:54:48.640000,50.19545,50.193603,50.194406,50.194995,50.1946135,240,3225
2022-11-23 23:54:48.660000,50.195347,50.194769,50.194307,50.195422,50.194961250000006,240,3225
2022-11-23 23:54:48.680000,50.194865,50.194851,50.194562,50.19541,50.194922,240,3225
2022-11-23 23:54:48.700000,50.193754,50.194097,50.194918,50.194581,50.194337499999996,240,3225
2022-11-23 23:54:48.720000,50.193478,50.193658,50.194887,50.194584,50.194151749999996,240,3225
2022-11-23 23:54:48.740000,50.193478,50.193648,50.194559,50.193178,50.193715749999996,240,3225
2022-11-23 23:54:48.760000,50.193478,50.194093,50.194702,50.19431,50.194145750000004,240,3225
2022-11-23 23:54:48.780000,50.194758,50.19387,50.19485,50.194743,50.19455525000001,240,3225
2022-11-23 23:54:48.800000,50.193569,50.193301,50.195434,50.195408,50.194428,240,3225
2022-11-23 23:54:48.820000,50.193777,50.193565,50.195453,50.195538,50.194583249999994,240,3225
2022-11-23 23:54:48.840000,50.194828,50.193185,50.194555,50.194879,50.19436175,240,3225
2022-11-23 23:54:48.860000,50.194199,50.192412,50.194159,50.193034,50.193450999999996,240,3225
2022-11-23 23:54:48.880000,50.192871,50.192468,50.193422,50.19293,50.192922749999994,240,3225
2022-11-23 23:54:48.900000,50.192746,50.193407,50.192279,50.192345,50.19269425,240,3225
2022-11-23 23:54:48.920000,50.193217,50.194778,50.191635,50.194174,50.193450999999996,240,3225
2022-11-23 23:54:48.940000,50.192958,50.194578,50.192009,50.193917,50.1933655,240,3225
2022-11-23 23:54:48.960000,50.193111,50.192889,50.193422,50.194676,50.193524499999995,240,3225
2022-11-23 23:54:48.980000,50.193796,50.19151,50.194114,50.19306,50.19312,240,3225
2022-11-23 23:54:49.000000,50.194139,50.191634,50.193974,50.193088,50.19320875,240,3225
2022-11-23 23:54:49.020000,50.194769,50.193093,50.194066,50.192908,50.193709,240,3225
2022-11-23 23:54:49.040000,50.19509,50.194408,50.193771,50.191537,50.1937015,240,3225
2022-11-23 23:54:49.060000,50.193761,50.194727,50.192642,50.193162,50.193573,240,3225
2022-11-23 23:54:49.080000,50.192389,50.193471,50.191685,50.192621,50.192541500000004,240,3225
2022-11-23 23:54:49.100000,50.192871,50.192064,50.191969,50.194861,50.192941250000004,240,3225
2022-11-23 23:54:49.120000,50.193352,50.191889,50.19307,50.193547,50.1929645,240,3225
2022-11-23 23:54:49.140000,50.192735,50.193037,50.193577,50.192305,50.1929135,240,3225
2022-11-23 23:54:49.160000,50.192472,50.193788,50.193571,50.191713,50.192885999999994,240,3225
2022-11-23 23:54:49.180000,50.192084,50.192662,50.192993,50.192046,50.19244625,240,3225
2022-11-23 23:54:49.200000,50.190639,50.191199,50.191125,50.191305,50.191067,240,3225
2022-11-23 23:54:49.220000,50.189467,50.191365,50.190295,50.191195,50.190580499999996,240,3225
2022-11-23 23:54:49.240000,50.190037,50.192153,50.190758,50.192675,50.19140575,240,3225
2022-11-23 23:54:49.260000,50.190972,50.192199,50.19094,50.192575,50.191671500000005,240,3225
2022-11-23 23:54:49.280000,50.191658,50.192324,50.191391,50.189898,50.19131775,240,3225
2022-11-23 23:54:49.300000,50.191829,50.193223,50.192247,50.191981,50.19232,240,3225
2022-11-23 23:54:49.320000,50.191407,50.192963,50.192549,50.19051,50.19185725,240,3225
2022-11-23 23:54:49.340000,50.190595,50.191689,50.191595,50.190454,50.191083250000005,240,3225
2022-11-23 23:54:49.360000,50.189614,50.191249,50.190682,50.192027,50.190893,240,3225
2022-11-23 23:54:49.380000,50.190021,50.191028,50.191329,50.191574,50.190988000000004,240,3225
2022-11-23 23:54:49.400000,50.191402,50.191083,50.191757,50.190824,50.1912665,240,3225
2022-11-23 23:54:49.420000,50.191943,50.191662,50.191389,50.192231,50.19180625,240,3225
2022-11-23 23:54:49.440000,50.191543,50.191162,50.191022,50.190074,50.19095025,240,3225
2022-11-23 23:54:49.460000,50.191583,50.190718,50.190821,50.189519,50.19066025,240,3225
2022-11-23 23:54:49.480000,50.191016,50.191408,50.190968,50.190639,50.191007750000004,240,3225
2022-11-23 23:54:49.500000,50.19005,50.191898,50.190878,50.190972,50.1909495,240,3225
2022-11-23 23:54:49.520000,50.190097,50.192069,50.190566,50.191009,50.19093525,240,3225
2022-11-23 23:54:49.540000,50.190543,50.191963,50.190022,50.190935,50.19086575,240,3225
2022-11-23 23:54:49.560000,50.190364,50.191324,50.189273,50.190481,50.190360500000004,240,3225
2022-11-23 23:54:49.580000,50.190444,50.190518,50.189259,50.18925,50.189867750000005,240,3225
2022-11-23 23:54:49.600000,50.190297,50.190042,50.189241,50.189148,50.189682000000005,240,3225
2022-11-23 23:54:49.620000,50.189369,50.190045,50.189274,50.188388,50.189269,240,3225
2022-11-23 23:54:49.640000,50.189171,50.190588,50.189649,50.189852,50.189815,240,3225
2022-11-23 23:54:49.660000,50.189616,50.191121,50.189757,50.189829,50.19008075,240,3225
2022-11-23 23:54:49.680000,50.189593,50.190615,50.189386,50.190875,50.19011725,240,3225
2022-11-23 23:54:49.700000,50.189736,50.189479,50.189047,50.188723,50.189246250000004,240,3225
2022-11-23 23:54:49.720000,50.190148,50.188857,50.189176,50.189454,50.18940875,240,3225
2022-11-23 23:54:49.740000,50.189977,50.18853,50.189804,50.189342,50.18941325,240,3225
2022-11-23 23:54:49.760000,50.189871,50.188644,50.190266,50.188611,50.189348,240,3225
2022-11-23 23:54:49.780000,50.190319,50.189175,50.190032,50.19051,50.190009,240,3225
2022-11-23 23:54:49.800000,50.189861,50.188899,50.189571,50.189065,50.189349,240,3225
2022-11-23 23:54:49.820000,50.189301,50.188704,50.189144,50.191658,50.18970175,240,3225
2022-11-23 23:54:49.840000,50.189598,50.189506,50.189133,50.190102,50.18958475,240,3225
2022-11-23 23:54:49.860000,50.189967,50.190135,50.188859,50.188815,50.189444,240,3225
2022-11-23 23:54:49.880000,50.189815,50.190269,50.188851,50.188861,50.189449,240,3225
2022-11-23 23:54:49.900000,50.189254,50.190075,50.189511,50.188176,50.189254,240,3225
2022-11-23 23:54:49.920000,50.188653,50.189197,50.189763,50.188722,50.189083749999995,240,3225
2022-11-23 23:54:49.940000,50.189218,50.188264,50.189532,50.190408,50.18935549999999,240,3225
2022-11-23 23:54:49.960000,50.190439,50.188116,50.189034,50.188796,50.18909625,240,3225
2022-11-23 23:54:49.980000,50.19038,50.188536,50.188543,50.189556,50.189253750000006,240,3225
2022-11-23 23:54:50.000000,50.189727,50.189756,50.189293,50.190815,50.18989775,240,3225
2022-11-23 23:54:50.020000,50.19006,50.190343,50.190085,50.189361,50.18996225,240,3225
2022-11-23 23:54:50.040000,50.190254,50.189134,50.190028,50.186796,50.189053,240,3225
2022-11-23 23:54:50.060000,50.188996,50.187935,50.190235,50.188139,50.188826250000005,240,3225
2022-11-23 23:54:50.080000,50.187528,50.188264,50.190124,50.18837,50.188571499999995,240,3225
2022-11-23 23:54:50.100000,50.187499,50.188921,50.189945,50.189982,50.18908675,240,3225
2022-11-23 23:54:50.120000,50.188712,50.188908,50.189757,50.189611,50.18924700000001,240,3225
2022-11-23 23:54:50.140000,50.18906,50.18782,50.188896,50.189981,50.188939250000004,240,3225
2022-11-23 23:54:50.160000,50.187843,50.186532,50.187982,50.18776,50.18752925,240,3225
2022-11-23 23:54:50.180000,50.187171,50.186245,50.187821,50.187009,50.1870615,240,3225
2022-11-23 23:54:50.200000,50.18744,50.18706,50.188229,50.188157,50.1877215,240,3225
2022-11-23 23:54:50.220000,50.187293,50.187588,50.187543,50.187204,50.187407,240,3225
2022-11-23 23:54:50.240000,50.187662,50.187597,50.187023,50.188509,50.187697750000005,240,3225
2022-11-23 23:54:50.260000,50.188538,50.188519,50.187518,50.188467,50.1882605,240,3225
2022-11-23 23:54:50.280000,50.188221,50.188834,50.187806,50.189019,50.18847,240,3225
2022-11-23 23:54:50.300000,50.187296,50.187222,50.187774,50.187806,50.187524499999995,240,3225
2022-11-23 23:54:50.320000,50.186972,50.185592,50.187352,50.185963,50.18646975,240,3225
2022-11-23 23:54:50.340000,50.187019,50.185523,50.186541,50.186509,50.186398000000004,240,3225
2022-11-23 23:54:50.360000,50.187298,50.18651,50.186057,50.185991,50.186464,240,3225
2022-11-23 23:54:50.380000,50.18733,50.186978,50.186471,50.185523,50.186575500000004,240,3225
2022-11-23 23:54:50.400000,50.186612,50.186639,50.187736,50.188375,50.187340500000005,240,3225
2022-11-23 23:54:50.420000,50.185995,50.185626,50.188277,50.187472,50.1868425,240,3225
2022-11-23 23:54:50.440000,50.186347,50.185426,50.187299,50.186401,50.186368249999994,240,3225
2022-11-23 23:54:50.460000,50.186417,50.186481,50.186481,50.186102,50.186370249999996,240,3225
2022-11-23 23:54:50.480000,50.185584,50.186685,50.185932,50.185292,50.18587325,240,3225
2022-11-23 23:54:50.500000,50.185523,50.1858,50.185409,50.18483,50.185390500000004,240,3225
2022-11-23 23:54:50.520000,50.18605,50.185268,50.185411,50.186132,50.18571525,240,3225
2022-11-23 23:54:50.540000,50.185366,50.184948,50.18566,50.186384,50.1855895,240,3225
2022-11-23 23:54:50.560000,50.184533,50.184764,50.185626,50.18571,50.18515825,240,3225
2022-11-23 23:54:50.580000,50.184638,50.185384,50.185269,50.186091,50.185345500000004,240,3225
2022-11-23 23:54:50.600000,50.184843,50.18651,50.184359,50.185418,50.1852825,240,3225
2022-11-23 23:54:50.620000,50.18419,50.186472,50.184075,50.182646,50.184345750000006,240,3225
2022-11-23 23:54:50.640000,50.183389,50.185672,50.184603,50.184149,50.18445325,240,3225
2022-11-23 23:54:50.660000,50.183773,50.184945,50.18455,50.18529,50.1846395,240,3225
2022-11-23 23:54:50.680000,50.184925,50.184333,50.184165,50.185963,50.184846500000006,240,3225
2022-11-23 23:54:50.700000,50.184847,50.184602,50.183845,50.186,50.1848235,240,3225
2022-11-23 23:54:50.720000,50.183296,50.185301,50.184348,50.184176,50.18428025,240,3225
2022-11-23 23:54:50.740000,50.182676,50.185301,50.185041,50.183431,50.18411225,240,3225
2022-11-23 23:54:50.760000,50.184018,50.184269,50.1847,50.183894,50.18422025,240,3225
2022-11-23 23:54:50.780000,50.184598,50.182954,50.184369,50.181828,50.18343725,240,3225
2022-11-23 23:54:50.800000,50.184491,50.183013,50.183741,50.184157,50.1838505,240,3225
2022-11-23 23:54:50.820000,50.184615,50.183796,50.182594,50.184431,50.183859,240,3225
2022-11-23 23:54:50.840000,50.184366,50.184149,50.18219,50.183504,50.18355225,240,3225
2022-11-23 23:54:50.860000,50.183912,50.184602,50.182048,50.184556,50.1837795,240,3225
2022-11-23 23:54:50.880000,50.18362,50.184324,50.181954,50.184454,50.183588,240,3225
2022-11-23 23:54:50.900000,50.182986,50.182875,50.181479,50.182611,50.18248775,240,3225
2022-11-23 23:54:50.920000,50.182038,50.182162,50.18148,50.180593,50.18156825,240,3225
2022-11-23 23:54:50.940000,50.181639,50.182425,50.181621,50.180852,50.18163425,240,3225
2022-11-23 23:54:50.960000,50.182083,50.182777,50.181229,50.18288,50.18224225,240,3225
2022-11-23 23:54:50.980000,50.182565,50.183079,50.181333,50.183222,50.18254975,240,3225
2022-11-23 23:54:51.000000,50.182111,50.183098,50.181857,50.18237,50.182359,240,3225
2022-11-23 23:54:51.020000,50.181084,50.182815,50.181951,50.183297,50.18228675,240,3225
2022-11-23 23:54:51.040000,50.181537,50.182588,50.182051,50.182343,50.18212975,240,3225
2022-11-23 23:54:51.060000,50.183286,50.182865,50.182006,50.181176,50.18233325,240,3225
2022-11-23 23:54:51.080000,50.183574,50.183425,50.181935,50.180555,50.18237225,240,3225
2022-11-23 23:54:51.100000,50.182779,50.182834,50.181964,50.181603,50.182294999999996,240,3225
2022-11-23 23:54:51.120000,50.181487,50.180944,50.182144,50.180324,50.18122475,240,3225
2022-11-23 23:54:51.140000,50.180472,50.179893,50.181859,50.181528,50.180938,240,3225
2022-11-23 23:54:51.160000,50.180328,50.180384,50.18117,50.181185,50.180766750000004,240,3225
2022-11-23 23:54:51.180000,50.180613,50.181097,50.180886,50.181722,50.1810795,240,3225
2022-11-23 23:54:51.200000,50.180239,50.181588,50.180735,50.181509,50.18101775,240,3225
2022-11-23 23:54:51.220000,50.179826,50.181376,50.180347,50.179556,50.18027624999999,240,3225
2022-11-23 23:54:51.240000,50.180729,50.180667,50.180287,50.179037,50.18018,240,3225
2022-11-23 23:54:51.260000,50.181405,50.180162,50.180057,50.180481,50.18052625,240,3225
2022-11-23 23:54:51.280000,50.180283,50.179329,50.179651,50.179685,50.179737,240,3225
2022-11-23 23:54:51.300000,50.179008,50.178532,50.180408,50.180444,50.179598,240,3225
2022-11-23 23:54:51.320000,50.179084,50.179314,50.181237,50.18176,50.18034875,240,3225
2022-11-23 23:54:51.340000,50.179257,50.180402,50.181194,50.180722,50.18039375,240,3225
2022-11-23 23:54:51.360000,50.179446,50.180491,50.180598,50.179528,50.18001575,240,3225
2022-11-23 23:54:51.380000,50.180029,50.180079,50.179643,50.179935,50.1799215,240,3225
2022-11-23 23:54:51.400000,50.17951,50.17988,50.179067,50.178176,50.17915825,240,3225
2022-11-23 23:54:51.420000,50.17831,50.179894,50.178878,50.179343,50.179106250000004,240,3225
2022-11-23 23:54:51.440000,50.177962,50.179782,50.179589,50.178833,50.1790415,240,3225
2022-11-23 23:54:51.460000,50.178736,50.179639,50.180334,50.179584,50.17957325,240,3225
2022-11-23 23:54:51.480000,50.179129,50.178768,50.179324,50.179704,50.17923125,240,3225
2022-11-23 23:54:51.500000,50.179311,50.178053,50.178508,50.17901,50.1787205,240,3225
2022-11-23 23:54:51.520000,50.179343,50.178495,50.178619,50.178657,50.17877849999999,240,3225
2022-11-23 23:54:51.540000,50.179185,50.178441,50.178699,50.177518,50.17846075,240,3225
2022-11-23 23:54:51.560000,50.178847,50.177548,50.178981,50.177908,50.178321,240,3225
2022-11-23 23:54:51.580000,50.178352,50.177921,50.179032,50.178926,50.178557749999996,240,3225
2022-11-23 23:54:51.600000,50.178051,50.178817,50.178982,50.179991,50.17896025,240,3225
2022-11-23 23:54:51.620000,50.177791,50.17892,50.179087,50.179944,50.1789355,240,3225
2022-11-23 23:54:51.640000,50.177857,50.178503,50.179204,50.178389,50.17848825,240,3225
2022-11-23 23:54:51.660000,50.178442,50.177542,50.178489,50.179018,50.178372749999994,240,3225
2022-11-23 23:54:51.680000,50.178501,50.176846,50.177606,50.17638,50.17733325,240,3225
2022-11-23 23:54:51.700000,50.177847,50.176931,50.177656,50.176213,50.17716175,240,3225
2022-11-23 23:54:51.720000,50.177255,50.177183,50.177745,50.176593,50.177194,240,3225
2022-11-23 23:54:51.740000,50.177445,50.177334,50.177804,50.177898,50.177620250000004,240,3225
2022-11-23 23:54:51.760000,50.177777,50.177578,50.177972,50.178046,50.177843249999995,240,3225
2022-11-23 23:54:51.780000,50.177916,50.178086,50.177718,50.179037,50.17818925,240,3225
2022-11-23 23:54:51.800000,50.178199,50.178517,50.177635,50.178685,50.178259000000004,240,3225
2022-11-23 23:54:51.820000,50.177625,50.177813,50.177328,50.180861,50.17840674999999,240,3225
2022-11-23 23:54:51.840000,50.17669,50.17717,50.177046,50.17401,50.176229,240,3225
2022-11-23 23:54:51.860000,50.177189,50.17775,50.1773,50.176416,50.177163750000005,240,3225
2022-11-23 23:54:51.880000,50.177352,50.177467,50.177761,50.176787,50.17734175,240,3225
2022-11-23 23:54:51.900000,50.176176,50.176825,50.177586,50.177398,50.17699625,240,3225
2022-11-23 23:54:51.920000,50.175532,50.177287,50.177295,50.177621,50.17693375,240,3225
2022-11-23 23:54:51.940000,50.176801,50.178065,50.177805,50.179176,50.177961749999994,240,3225
2022-11-23 23:54:51.960000,50.177875,50.17781,50.178464,50.177621,50.1779425,240,3225
2022-11-23 23:54:51.980000,50.17731,50.176866,50.177895,50.177518,50.17739725,240,3225
2022-11-23 23:54:52.000000,50.176078,50.177041,50.177262,50.175027,50.176351999999994,240,3225
2022-11-23 23:54:52.020000,50.176385,50.177398,50.177581,50.174871,50.17655875,240,3225
2022-11-23 23:54:52.040000,50.177755,50.177111,50.177865,50.177482,50.177553249999995,240,3225
2022-11-23 23:54:52.060000,50.177755,50.176389,50.177063,50.178268,50.17736875,240,3225
2022-11-23 23:54:52.080000,50.176639,50.175532,50.175629,50.176574,50.17609350000001,240,3225
2022-11-23 23:54:52.100000,50.175921,50.17544,50.175202,50.17638,50.17573575,240,3225
2022-11-23 23:54:52.120000,50.175865,50.176547,50.176119,50.177291,50.176455499999996,240,3225
2022-11-23 23:54:52.140000,50.175796,50.178223,50.176911,50.176162,50.176773,240,3225
2022-11-23 23:54:52.160000,50.176598,50.178731,50.177106,50.176422,50.17721425,240,3225
2022-11-23 23:54:52.180000,50.177199,50.176851,50.176662,50.176213,50.176731249999996,240,3225
2022-11-23 23:54:52.200000,50.176786,50.175435,50.176281,50.175588,50.1760225,240,3225
2022-11-23 23:54:52.220000,50.175866,50.176051,50.176485,50.177352,50.1764385,240,3225
2022-11-23 23:54:52.240000,50.175307,50.176458,50.175532,50.176685,50.1759955,240,3225
2022-11-23 23:54:52.260000,50.175318,50.176236,50.174707,50.175139,50.175349999999995,240,3225
2022-11-23 23:54:52.280000,50.17568,50.176251,50.175199,50.175686,50.175703999999996,240,3225
2022-11-23 23:54:52.300000,50.175787,50.175597,50.175629,50.175669,50.1756705,240,3225
2022-11-23 23:54:52.320000,50.176075,50.174866,50.175328,50.175694,50.17549075,240,3225
2022-11-23 23:54:52.340000,50.176227,50.17519,50.174284,50.174581,50.175070500000004,240,3225
2022-11-23 23:54:52.360000,50.17569,50.175449,50.173849,50.174588,50.174894,240,3225
2022-11-23 23:54:52.380000,50.174551,50.174648,50.173558,50.174029,50.1741965,240,3225
2022-11-23 23:54:52.400000,50.173788,50.175093,50.173365,50.17114,50.1733465,240,3225
2022-11-23 23:54:52.420000,50.17368,50.176032,50.174036,50.176223,50.17499275,240,3225
2022-11-23 23:54:52.440000,50.174096,50.174968,50.174324,50.175558,50.1747365,240,3225
2022-11-23 23:54:52.460000,50.17482,50.173514,50.174509,50.175717,50.17464,240,3225
2022-11-23 23:54:52.480000,50.175459,50.173843,50.175174,50.173342,50.174454499999996,240,3225
2022-11-23 23:54:52.500000,50.175416,50.175638,50.175452,50.173985,50.17512275,240,3225
2022-11-23 23:54:52.520000,50.175241,50.176555,50.175662,50.174334,50.175448,240,3225
2022-11-23 23:54:52.540000,50.174426,50.175436,50.175293,50.172095,50.1743125,240,3225
2022-11-23 23:54:52.560000,50.173658,50.174097,50.175172,50.176767,50.174923500000006,240,3225
2022-11-23 23:54:52.580000,50.174005,50.174157,50.174888,50.17544,50.174622500000005,240,3225
2022-11-23 23:54:52.600000,50.174926,50.174713,50.173778,50.173032,50.17411225,240,3225
2022-11-23 23:54:52.620000,50.174834,50.173704,50.173136,50.174459,50.174033249999994,240,3225
2022-11-23 23:54:52.640000,50.174217,50.172356,50.173164,50.172236,50.172993250000005,240,3225
2022-11-23 23:54:52.660000,50.173912,50.172277,50.173448,50.172908,50.173136250000006,240,3225
2022-11-23 23:54:52.680000,50.173639,50.172473,50.173367,50.174014,50.17337325,240,3225
2022-11-23 23:54:52.700000,50.172783,50.172389,50.172833,50.173634,50.17290975,240,3225
2022-11-23 23:54:52.720000,50.171517,50.17268,50.173535,50.172741,50.172618250000006,240,3225
2022-11-23 23:54:52.740000,50.171637,50.173301,50.174071,50.173333,50.1730855,240,3225
2022-11-23 23:54:52.760000,50.173611,50.173917,50.173655,50.17474,50.17398075,240,3225
2022-11-23 23:54:52.780000,50.174389,50.173384,50.173197,50.172417,50.17334674999999,240,3225
2022-11-23 23:54:52.800000,50.173158,50.172524,50.172697,50.171093,50.172368000000006,240,3225
2022-11-23 23:54:52.820000,50.172004,50.17236,50.172668,50.170268,50.171825,240,3225
2022-11-23 23:54:52.840000,50.171486,50.172356,50.173037,50.173139,50.172504499999995,240,3225
2022-11-23 23:54:52.860000,50.171612,50.171917,50.173212,50.172917,50.1724145,240,3225
2022-11-23 23:54:52.880000,50.172352,50.171958,50.173018,50.174176,50.172876,240,3225
2022-11-23 23:54:52.900000,50.172884,50.173162,50.171929,50.173898,50.172968250000004,240,3225
2022-11-23 23:54:52.920000,50.172213,50.175417,50.171131,50.17213,50.172722750000005,240,3225
2022-11-23 23:54:52.940000,50.171788,50.175911,50.171617,50.171769,50.17277125,240,3225
2022-11-23 23:54:52.960000,50.172315,50.173862,50.172227,50.170847,50.17231275,240,3225
2022-11-23 23:54:52.980000,50.173098,50.172514,50.172335,50.171144,50.17227275,240,3225
2022-11-23 23:54:53.000000,50.172878,50.172816,50.171565,50.171898,50.17228925,240,3225
2022-11-23 23:54:53.020000,50.172261,50.17299,50.171186,50.172537,50.1722435,240,3225
2022-11-23 23:54:53.040000,50.171875,50.171528,50.171199,50.172713,50.17182875,240,3225
2022-11-23 23:54:53.060000,50.172312,50.17025,50.171309,50.172676,50.17163675,240,3225
2022-11-23 23:54:53.080000,50.172542,50.171129,50.171723,50.172778,50.172043,240,3225
2022-11-23 23:54:53.100000,50.171503,50.172866,50.171697,50.170565,50.17165775,240,3225
2022-11-23 23:54:53.120000,50.170555,50.173083,50.171736,50.172241,50.17190375,240,3225
2022-11-23 23:54:53.140000,50.171059,50.172366,50.171949,50.171222,50.171649,240,3225
2022-11-23 23:54:53.160000,50.171746,50.171518,50.171747,50.170713,50.171431000000005,240,3225
2022-11-23 23:54:53.180000,50.171345,50.170662,50.171833,50.172787,50.17165675,240,3225
2022-11-23 23:54:53.200000,50.170812,50.170732,50.171761,50.172352,50.17141425,240,3225
2022-11-23 23:54:53.220000,50.170829,50.171145,50.17141,50.171796,50.171295,240,3225
2022-11-23 23:54:53.240000,50.170736,50.170991,50.171466,50.170121,50.1708285,240,3225
2022-11-23 23:54:53.260000,50.170145,50.170458,50.17155,50.171704,50.170964250000004,240,3225
2022-11-23 23:54:53.280000,50.170144,50.169804,50.171344,50.169426,50.1701795,240,3225
2022-11-23 23:54:53.300000,50.170834,50.170287,50.170418,50.170444,50.17049575,240,3225
2022-11-23 23:54:53.320000,50.171151,50.171523,50.169699,50.171204,50.17089425,240,3225
2022-11-23 23:54:53.340000,50.170636,50.172523,50.169757,50.17112,50.171009,240,3225
2022-11-23 23:54:53.360000,50.170589,50.172088,50.16954,50.172806,50.17125575000001,240,3225
2022-11-23 23:54:53.380000,50.170907,50.170694,50.169924,50.170389,50.1704785,240,3225
2022-11-23 23:54:53.400000,50.170963,50.170053,50.170549,50.170879,50.170610999999994,240,3225
2022-11-23 23:54:53.420000,50.170639,50.169889,50.170835,50.170408,50.17044275000001,240,3225
2022-11-23 23:54:53.440000,50.170606,50.169679,50.170628,50.169852,50.170191249999995,240,3225
2022-11-23 23:54:53.460000,50.170471,50.170144,50.170516,50.170486,50.170404250000004,240,3225
2022-11-23 23:54:53.480000,50.17038,50.171239,50.170785,50.169782,50.1705465,240,3225
2022-11-23 23:54:53.500000,50.170847,50.172251,50.170719,50.170093,50.1709775,240,3225
2022-11-23 23:54:53.520000,50.171172,50.172352,50.170932,50.171713,50.17154225,240,3225
2022-11-23 23:54:53.540000,50.170906,50.171864,50.171175,50.170435,50.171095,240,3225
2022-11-23 23:54:53.560000,50.170612,50.171817,50.17019,50.171093,50.170928,240,3225
2022-11-23 23:54:53.580000,50.170274,50.171813,50.169546,50.171611,50.170811,240,3225
2022-11-23 23:54:53.600000,50.170166,50.170927,50.169502,50.168898,50.169873249999995,240,3225
2022-11-23 23:54:53.620000,50.170347,50.169664,50.170002,50.168953,50.1697415,240,3225
2022-11-23 23:54:53.640000,50.170203,50.169211,50.170857,50.17025,50.17013025,240,3225
2022-11-23 23:54:53.660000,50.169487,50.169789,50.171332,50.170852,50.170365,240,3225
2022-11-23 23:54:53.680000,50.168625,50.170371,50.171288,50.171037,50.170330250000006,240,3225
2022-11-23 23:54:53.700000,50.169287,50.170338,50.170993,50.170991,50.170402249999995,240,3225
2022-11-23 23:54:53.720000,50.170578,50.170883,50.170937,50.171435,50.170958250000005,240,3225
2022-11-23 23:54:53.740000,50.171232,50.171426,50.171051,50.170769,50.1711195,240,3225
2022-11-23 23:54:53.760000,50.171583,50.171292,50.170919,50.170037,50.17095775,240,3225
2022-11-23 23:54:53.780000,50.171583,50.170264,50.17081,50.169574,50.17055775,240,3225
2022-11-23 23:54:53.800000,50.170204,50.169616,50.170459,50.169704,50.16999575,240,3225
2022-11-23 23:54:53.820000,50.168269,50.170579,50.169988,50.169722,50.1696395,240,3225
2022-11-23 23:54:53.840000,50.16812,50.171551,50.169733,50.170963,50.170091750000005,240,3225
2022-11-23 23:54:53.860000,50.169203,50.170593,50.16928,50.170611,50.16992175,240,3225
2022-11-23 23:54:53.880000,50.170527,50.169523,50.169613,50.169334,50.169749249999995,240,3225
2022-11-23 23:54:53.900000,50.17088,50.169953,50.169946,50.170787,50.1703915,240,3225
2022-11-23 23:54:53.920000,50.1695,50.170397,50.169445,50.169972,50.1698285,240,3225
2022-11-23 23:54:53.940000,50.168435,50.170547,50.169634,50.167278,50.16897350000001,240,3225
2022-11-23 23:54:53.960000,50.16894,50.170445,50.170279,50.168852,50.169629,240,3225
2022-11-23 23:54:53.980000,50.16912,50.169574,50.170266,50.171,50.16999,240,3225
2022-11-23 23:54:54.000000,50.169829,50.168824,50.170254,50.169986,50.16972325,240,3225
2022-11-23 23:54:54.020000,50.171231,50.168065,50.170275,50.170014,50.16989625,240,3225
2022-11-23 23:54:54.040000,50.170448,50.167723,50.170186,50.171662,50.17000475,240,3225
2022-11-23 23:54:54.060000,50.168985,50.168463,50.169561,50.169305,50.1690785,240,3225
2022-11-23 23:54:54.080000,50.169611,50.169596,50.16885,50.168185,50.1690605,240,3225
2022-11-23 23:54:54.100000,50.170032,50.170699,50.168785,50.167644,50.169290000000004,240,3225
2022-11-23 23:54:54.120000,50.169759,50.170871,50.168845,50.168616,50.16952275,240,3225
2022-11-23 23:54:54.140000,50.170111,50.169677,50.16887,50.169842,50.169624999999996,240,3225
2022-11-23 23:54:54.160000,50.170027,50.168806,50.168661,50.170315,50.169452250000006,240,3225
2022-11-23 23:54:54.180000,50.16962,50.169384,50.168749,50.169427,50.169295000000005,240,3225
2022-11-23 23:54:54.200000,50.169329,50.170458,50.169777,50.170694,50.1700645,240,3225
2022-11-23 23:54:54.220000,50.168982,50.170695,50.170193,50.170265,50.170033749999995,240,3225
2022-11-23 23:54:54.240000,50.169185,50.169657,50.170143,50.169034,50.16950475,240,3225
2022-11-23 23:54:54.260000,50.170125,50.169056,50.169925,50.169153,50.16956475,240,3225
2022-11-23 23:54:54.280000,50.170399,50.16963,50.169185,50.169178,50.16959799999999,240,3225
2022-11-23 23:54:54.300000,50.169974,50.17019,50.168701,50.170159,50.16975600000001,240,3225
2022-11-23 23:54:54.320000,50.169199,50.170004,50.168608,50.169278,50.16927225,240,3225
2022-11-23 23:54:54.340000,50.168453,50.169041,50.169385,50.169034,50.16897825,240,3225
2022-11-23 23:54:54.360000,50.168236,50.168278,50.169839,50.170418,50.16919274999999,240,3225
2022-11-23 23:54:54.380000,50.168936,50.167977,50.16929,50.169462,50.16891625,240,3225
2022-11-23 23:54:54.400000,50.169662,50.16801,50.169512,50.167093,50.16856925,240,3225
2022-11-23 23:54:54.420000,50.169639,50.168444,50.170299,50.168161,50.169135749999995,240,3225
2022-11-23 23:54:54.440000,50.169815,50.169421,50.170788,50.169592,50.169903999999995,240,3225
2022-11-23 23:54:54.460000,50.170005,50.16986,50.170544,50.169309,50.1699295,240,3225
2022-11-23 23:54:54.480000,50.169334,50.169352,50.169706,50.169451,50.16946075,240,3225
2022-11-23 23:54:54.500000,50.169055,50.169265,50.169224,50.170132,50.169419,240,3225
2022-11-23 23:54:54.520000,50.169273,50.169885,50.168811,50.17013,50.16952475,240,3225
2022-11-23 23:54:54.540000,50.169213,50.170671,50.168832,50.170018,50.1696835,240,3225
2022-11-23 23:54:54.560000,50.169542,50.170732,50.169466,50.169865,50.169901249999995,240,3225
2022-11-23 23:54:54.580000,50.169902,50.169324,50.169544,50.16845,50.169305,240,3225
2022-11-23 23:54:54.600000,50.169273,50.167963,50.16988,50.169185,50.16907525,240,3225
2022-11-23 23:54:54.620000,50.167912,50.167509,50.170486,50.166801,50.16817699999999,240,3225
2022-11-23 23:54:54.640000,50.167175,50.167624,50.170125,50.169736,50.168665000000004,240,3225
2022-11-23 23:54:54.660000,50.167412,50.167986,50.16827,50.17,50.168417000000005,240,3225
2022-11-23 23:54:54.680000,50.167592,50.167871,50.166735,50.16912,50.1678295,240,3225
2022-11-23 23:54:54.700000,50.166959,50.167764,50.166597,50.168805,50.167531249999996,240,3225
2022-11-23 23:54:54.720000,50.166968,50.168797,50.167303,50.168547,50.167903749999994,240,3225
2022-11-23 23:54:54.740000,50.168485,50.169268,50.168237,50.168685,50.16866875,240,3225
2022-11-23 23:54:54.760000,50.169037,50.167958,50.168609,50.166343,50.16798675,240,3225
2022-11-23 23:54:54.780000,50.168223,50.167556,50.16851,50.168074,50.16809075,240,3225
2022-11-23 23:54:54.800000,50.168042,50.168796,50.168435,50.167602,50.168218749999994,240,3225
2022-11-23 23:54:54.820000,50.168351,50.169319,50.167982,50.169778,50.1688575,240,3225
2022-11-23 23:54:54.840000,50.168634,50.168194,50.167511,50.169538,50.16846925,240,3225
2022-11-23 23:54:54.860000,50.168746,50.167829,50.167178,50.168935,50.168172,240,3225
2022-11-23 23:54:54.880000,50.168255,50.169273,50.167331,50.16749,50.16808725,240,3225
2022-11-23 23:54:54.900000,50.167916,50.170269,50.168233,50.167176,50.168398499999995,240,3225
2022-11-23 23:54:54.920000,50.16762,50.169362,50.16829,50.167019,50.16807275,240,3225
2022-11-23 23:54:54.940000,50.166834,50.167417,50.167243,50.166389,50.16697075,240,3225
2022-11-23 23:54:54.960000,50.167072,50.166286,50.166943,50.168259,50.16714,240,3225
2022-11-23 23:54:54.980000,50.16782,50.166834,50.167864,50.169148,50.167916500000004,240,3225
2022-11-23 23:54:55.000000,50.167286,50.167736,50.16823,50.169074,50.1680815,240,3225
2022-11-23 23:54:55.020000,50.167232,50.168611,50.167958,50.167333,50.1677835,240,3225
2022-11-23 23:54:55.040000,50.168607,50.169236,50.167779,50.169093,50.16867875,240,3225
2022-11-23 23:54:55.060000,50.168622,50.16875,50.167186,50.166806,50.167841,240,3225
2022-11-23 23:54:55.080000,50.167828,50.167426,50.166218,50.166176,50.166911999999996,240,3225
2022-11-23 23:54:55.100000,50.167667,50.166921,50.166014,50.166384,50.166746499999995,240,3225
2022-11-23 23:54:55.120000,50.167548,50.167462,50.166233,50.167514,50.16718924999999,240,3225
2022-11-23 23:54:55.140000,50.167507,50.16763,50.166467,50.16738,50.167246,240,3225
2022-11-23 23:54:55.160000,50.16786,50.167065,50.166581,50.167546,50.167263000000005,240,3225
2022-11-23 23:54:55.180000,50.167937,50.166649,50.166325,50.167907,50.1672045,240,3225
2022-11-23 23:54:55.200000,50.16758,50.166189,50.165984,50.167889,50.1669105,240,3225
2022-11-23 23:54:55.220000,50.167085,50.165991,50.165873,50.166778,50.16643175,240,3225
2022-11-23 23:54:55.240000,50.16702,50.167241,50.166974,50.165703,50.166734500000004,240,3225
2022-11-23 23:54:55.260000,50.167714,50.168658,50.169327,50.167972,50.168417749999996,240,3225
2022-11-23 23:54:55.280000,50.167742,50.167986,50.169351,50.1665,50.16789475,240,3225
2022-11-23 23:54:55.300000,50.166589,50.16613,50.167837,50.167315,50.16696775,240,3225
2022-11-23 23:54:55.320000,50.165639,50.165273,50.167299,50.166981,50.166298,240,3225
2022-11-23 23:54:55.340000,50.165647,50.165139,50.16654,50.167046,50.166093,240,3225
2022-11-23 23:54:55.360000,50.165919,50.16495,50.165567,50.167565,50.16600025,240,3225
2022-11-23 23:54:55.380000,50.166199,50.164979,50.165127,50.165898,50.16555075,240,3225
2022-11-23 23:54:55.400000,50.166186,50.1659,50.165288,50.165491,50.16571625,240,3225
2022-11-23 23:54:55.420000,50.166041,50.167041,50.165545,50.16538,50.16600175,240,3225
2022-11-23 23:54:55.440000,50.166435,50.166852,50.166611,50.165981,50.166469750000005,240,3225
2022-11-23 23:54:55.460000,50.166672,50.166013,50.167778,50.166343,50.1667015,240,3225
2022-11-23 23:54:55.480000,50.16582,50.165875,50.167226,50.165769,50.1661725,240,3225
2022-11-23 23:54:55.500000,50.165233,50.166396,50.166234,50.167499,50.1663405,240,3225
2022-11-23 23:54:55.520000,50.166541,50.166775,50.166452,50.166528,50.166574,240,3225
2022-11-23 23:54:55.540000,50.167606,50.166081,50.166538,50.166352,50.166644250000004,240,3225
2022-11-23 23:54:55.560000,50.166698,50.165248,50.166681,50.165852,50.16611975,240,3225
2022-11-23 23:54:55.580000,50.165413,50.165196,50.167293,50.164842,50.165686,240,3225
2022-11-23 23:54:55.600000,50.165464,50.16637,50.167525,50.165416,50.16619375,240,3225
2022-11-23 23:54:55.620000,50.165789,50.167256,50.166918,50.165009,50.166243,240,3225
2022-11-23 23:54:55.640000,50.165718,50.167,50.165994,50.166556,50.16631700000001,240,3225
2022-11-23 23:54:55.660000,50.165967,50.165817,50.166592,50.165953,50.16608225,240,3225
2022-11-23 23:54:55.680000,50.166282,50.164876,50.167277,50.167398,50.16645825,240,3225
2022-11-23 23:54:55.700000,50.166079,50.164695,50.167198,50.165602,50.1658935,240,3225
2022-11-23 23:54:55.720000,50.165653,50.164456,50.16635,50.165361,50.165454999999994,240,3225
2022-11-23 23:54:55.740000,50.165172,50.163797,50.164985,50.163481,50.16435875,240,3225
2022-11-23 23:54:55.760000,50.165047,50.163796,50.16437,50.165241,50.1646135,240,3225
2022-11-23 23:54:55.780000,50.165296,50.164287,50.164107,50.164991,50.16467025,240,3225
2022-11-23 23:54:55.800000,50.165366,50.164315,50.163938,50.165806,50.16485625,240,3225
2022-11-23 23:54:55.820000,50.165403,50.164037,50.163997,50.165268,50.16467625,240,3225
2022-11-23 23:54:55.840000,50.16549,50.164523,50.164346,50.165334,50.16492325,240,3225
2022-11-23 23:54:55.860000,50.165329,50.16562,50.164915,50.16487,50.165183500000005,240,3225
2022-11-23 23:54:55.880000,50.164607,50.165866,50.165371,50.165231,50.16526875,240,3225
2022-11-23 23:54:55.900000,50.163917,50.164941,50.16556,50.16474,50.1647895,240,3225
2022-11-23 23:54:55.920000,50.163893,50.164037,50.165039,50.163843,50.164203,240,3225
2022-11-23 23:54:55.940000,50.164551,50.16412,50.164398,50.163815,50.164221,240,3225
2022-11-23 23:54:55.960000,50.165028,50.164777,50.164397,50.165361,50.16489075,240,3225
2022-11-23 23:54:55.980000,50.165213,50.165542,50.164346,50.165315,50.165104,240,3225
2022-11-23 23:54:56.000000,50.165282,50.165483,50.164528,50.165551,50.165211,240,3225
2022-11-23 23:54:56.020000,50.164671,50.164657,50.164409,50.165259,50.164749,240,3225
2022-11-23 23:54:56.040000,50.164135,50.164004,50.164283,50.164606,50.16425699999999,240,3225
2022-11-23 23:54:56.060000,50.164574,50.163514,50.164364,50.164301,50.16418825,240,3225
2022-11-23 23:54:56.080000,50.165027,50.163755,50.164426,50.163769,50.16424425,240,3225
2022-11-23 23:54:56.100000,50.165124,50.164658,50.16511,50.164968,50.164964999999995,240,3225
2022-11-23 23:54:56.120000,50.165422,50.164959,50.16543,50.163889,50.164925,240,3225
2022-11-23 23:54:56.140000,50.164982,50.164246,50.164806,50.16488,50.164728499999995,240,3225
2022-11-23 23:54:56.160000,50.163888,50.163286,50.163879,50.163768,50.16370525,240,3225
2022-11-23 23:54:56.180000,50.163245,50.162968,50.162899,50.164991,50.163525750000005,240,3225
2022-11-23 23:54:56.200000,50.162898,50.163708,50.162676,50.163445,50.16318175,240,3225
2022-11-23 23:54:56.220000,50.162635,50.164528,50.163135,50.163609,50.16347675,240,3225
2022-11-23 23:54:56.240000,50.163389,50.165221,50.163587,50.163632,50.16395725,240,3225
2022-11-23 23:54:56.260000,50.164022,50.165537,50.163948,50.1632,50.164176749999996,240,3225
2022-11-23 23:54:56.280000,50.163991,50.164134,50.163958,50.163179,50.1638155,240,3225
2022-11-23 23:54:56.300000,50.163603,50.162519,50.163822,50.163053,50.16324925,240,3225
2022-11-23 23:54:56.320000,50.162694,50.163287,50.16341,50.162369,50.162940000000006,240,3225
2022-11-23 23:54:56.340000,50.16236,50.16476,50.162739,50.165158,50.163754250000004,240,3225
2022-11-23 23:54:56.360000,50.162783,50.164111,50.162351,50.16399,50.16330875,240,3225
2022-11-23 23:54:56.380000,50.16319,50.163449,50.162455,50.161397,50.16262275,240,3225
2022-11-23 23:54:56.400000,50.163029,50.163871,50.162712,50.159445,50.16226425,240,3225
2022-11-23 23:54:56.420000,50.162884,50.164324,50.162424,50.163611,50.16331075,240,3225
2022-11-23 23:54:56.440000,50.162824,50.164547,50.161729,50.162379,50.16286975,240,3225
2022-11-23 23:54:56.460000,50.162644,50.164685,50.161679,50.165558,50.1636415,240,3225
2022-11-23 23:54:56.480000,50.162898,50.163986,50.162349,50.162622,50.16296375,240,3225
2022-11-23 23:54:56.500000,50.163065,50.162884,50.163022,50.163347,50.163079499999995,240,3225
2022-11-23 23:54:56.520000,50.163246,50.161593,50.162969,50.164702,50.1631275,240,3225
2022-11-23 23:54:56.540000,50.163634,50.160842,50.162729,50.161968,50.162293250000005,240,3225
2022-11-23 23:54:56.560000,50.163726,50.161574,50.162557,50.162194,50.16251275,240,3225
2022-11-23 23:54:56.580000,50.16331,50.163116,50.162106,50.16238,50.162728,240,3225
2022-11-23 23:54:56.600000,50.162412,50.163686,50.162388,50.162107,50.16264825,240,3225
2022-11-23 23:54:56.620000,50.161241,50.163315,50.162998,50.161504,50.1622645,240,3225
2022-11-23 23:54:56.640000,50.161259,50.162991,50.162633,50.16169,50.16214325,240,3225
2022-11-23 23:54:56.660000,50.161937,50.162731,50.162433,50.162759,50.162465,240,3225
2022-11-23 23:54:56.680000,50.161717,50.162708,50.1629,50.16263,50.16248875,240,3225
2022-11-23 23:54:56.700000,50.161547,50.162667,50.163513,50.163306,50.16275825,240,3225
2022-11-23 23:54:56.720000,50.162152,50.161972,50.163773,50.162121,50.1625045,240,3225
2022-11-23 23:54:56.740000,50.162472,50.161319,50.162872,50.16275,50.162353249999995,240,3225
2022-11-23 23:54:56.760000,50.16238,50.161626,50.162077,50.161398,50.16187025,240,3225
2022-11-23 23:54:56.780000,50.16258,50.162477,50.161453,50.162055,50.162141250000005,240,3225
2022-11-23 23:54:56.800000,50.163162,50.163375,50.161602,50.161833,50.162493,240,3225
2022-11-23 23:54:56.820000,50.163236,50.163736,50.162497,50.162398,50.162966749999995,240,3225
2022-11-23 23:54:56.840000,50.162797,50.163764,50.162942,50.162602,50.16302625,240,3225
2022-11-23 23:54:56.860000,50.162426,50.162962,50.162636,50.162935,50.16273975,240,3225
2022-11-23 23:54:56.880000,50.162106,50.161093,50.161437,50.161972,50.161652,240,3225
2022-11-23 23:54:56.900000,50.161547,50.159921,50.160904,50.160528,50.160725,240,3225
2022-11-23 23:54:56.920000,50.16072,50.160625,50.161477,50.162481,50.16132575,240,3225
2022-11-23 23:54:56.940000,50.161173,50.161986,50.161377,50.160148,50.161170999999996,240,3225
2022-11-23 23:54:56.960000,50.162328,50.162133,50.161093,50.160287,50.161460250000005,240,3225
2022-11-23 23:54:56.980000,50.162662,50.16113,50.161205,50.161528,50.16163125,240,3225
2022-11-23 23:54:57.000000,50.162297,50.161001,50.16134,50.162528,50.1617915,240,3225
2022-11-23 23:54:57.020000,50.161734,50.161458,50.16178,50.161593,50.16164125,240,3225
2022-11-23 23:54:57.040000,50.160801,50.161866,50.162068,50.163092,50.16195675,240,3225
2022-11-23 23:54:57.060000,50.159944,50.161708,50.162572,50.162926,50.161787499999996,240,3225
2022-11-23 23:54:57.080000,50.160367,50.161162,50.162738,50.16113,50.16134925,240,3225
2022-11-23 23:54:57.100000,50.161023,50.161075,50.162501,50.161537,50.161534,240,3225
2022-11-23 23:54:57.120000,50.161724,50.161541,50.16159,50.160907,50.1614405,240,3225
2022-11-23 23:54:57.140000,50.162248,50.161431,50.160646,50.160222,50.161136750000004,240,3225
2022-11-23 23:54:57.160000,50.161501,50.160856,50.160724,50.161065,50.16103650000001,240,3225
2022-11-23 23:54:57.180000,50.160776,50.161278,50.161303,50.161806,50.161290750000006,240,3225
2022-11-23 23:54:57.200000,50.161271,50.161967,50.161654,50.163185,50.16201925,240,3225
2022-11-23 23:54:57.220000,50.16182,50.161459,50.162074,50.161297,50.1616625,240,3225
2022-11-23 23:54:57.240000,50.161497,50.160861,50.161749,50.161028,50.161283749999996,240,3225
2022-11-23 23:54:57.260000,50.161446,50.161426,50.161604,50.161324,50.161449999999995,240,3225
2022-11-23 23:54:57.280000,50.162041,50.162042,50.161413,50.160555,50.16151275,240,3225
2022-11-23 23:54:57.300000,50.162052,50.161737,50.161337,50.160658,50.161446,240,3225
2022-11-23 23:54:57.320000,50.160994,50.160472,50.161007,50.161657,50.1610325,240,3225
2022-11-23 23:54:57.340000,50.160265,50.159476,50.160829,50.159889,50.16011475,240,3225
2022-11-23 23:54:57.360000,50.160685,50.159306,50.161275,50.16176,50.160756500000005,240,3225
2022-11-23 23:54:57.380000,50.16137,50.15982,50.160744,50.162509,50.16111075,240,3225
2022-11-23 23:54:57.400000,50.16057,50.160546,50.159624,50.160398,50.1602845,240,3225
2022-11-23 23:54:57.420000,50.159745,50.160977,50.15962,50.159352,50.159923500000005,240,3225
2022-11-23 23:54:57.440000,50.160259,50.160755,50.160431,50.159704,50.16028725,240,3225
2022-11-23 23:54:57.460000,50.160565,50.160035,50.161122,50.15976,50.1603705,240,3225
2022-11-23 23:54:57.480000,50.160478,50.159489,50.160514,50.159416,50.15997425,240,3225
2022-11-23 23:54:57.500000,50.160893,50.159978,50.159897,50.160389,50.160289250000005,240,3225
2022-11-23 23:54:57.520000,50.160935,50.15998,50.160453,50.16138,50.160687,240,3225
2022-11-23 23:54:57.540000,50.160212,50.159294,50.160346,50.16088,50.160182999999996,240,3225
2022-11-23 23:54:57.560000,50.160385,50.159385,50.160009,50.161241,50.160255,240,3225
2022-11-23 23:54:57.580000,50.161084,50.160114,50.159815,50.160472,50.160371250000004,240,3225
2022-11-23 23:54:57.600000,50.160824,50.160363,50.159494,50.160185,50.160216500000004,240,3225
2022-11-23 23:54:57.620000,50.160213,50.160363,50.159644,50.15937,50.15989749999999,240,3225
2022-11-23 23:54:57.640000,50.160112,50.160754,50.159812,50.158491,50.15979225,240,3225
2022-11-23 23:54:57.660000,50.159894,50.161221,50.159956,50.159731,50.160200499999995,240,3225
2022-11-23 23:54:57.680000,50.159087,50.160744,50.160453,50.16076,50.160261,240,3225
2022-11-23 23:54:57.700000,50.158421,50.15867,50.160415,50.161139,50.15966125,240,3225
2022-11-23 23:54:57.720000,50.158375,50.157267,50.160481,50.161138,50.15931525,240,3225
2022-11-23 23:54:57.740000,50.159792,50.157978,50.161059,50.160908,50.15993425,240,3225
2022-11-23 23:54:57.760000,50.161564,50.15928,50.161277,50.160454,50.160643750000006,240,3225
2022-11-23 23:54:57.780000,50.161505,50.160015,50.160986,50.159204,50.1604275,240,3225
2022-11-23 23:54:57.800000,50.159787,50.15944,50.160562,50.159269,50.159764499999994,240,3225
2022-11-23 23:54:57.820000,50.158471,50.158324,50.159482,50.158565,50.1587105,240,3225
2022-11-23 23:54:57.840000,50.158269,50.157787,50.158261,50.159361,50.1584195,240,3225
2022-11-23 23:54:57.860000,50.158589,50.157912,50.158255,50.158138,50.158223500000005,240,3225
2022-11-23 23:54:57.880000,50.158927,50.157838,50.158972,50.161324,50.159265250000004,240,3225
2022-11-23 23:54:57.900000,50.158658,50.158621,50.159331,50.16062,50.1593075,240,3225
2022-11-23 23:54:57.920000,50.158619,50.158912,50.158804,50.158139,50.1586185,240,3225
2022-11-23 23:54:57.940000,50.158903,50.157439,50.157807,50.157638,50.157946749999994,240,3225
2022-11-23 23:54:57.960000,50.158415,50.156005,50.157477,50.157639,50.15738400000001,240,3225
2022-11-23 23:54:57.980000,50.157471,50.157333,50.157779,50.156352,50.15723375,240,3225
2022-11-23 23:54:58.000000,50.157249,50.15974,50.157844,50.158713,50.1583865,240,3225
2022-11-23 23:54:58.020000,50.157797,50.159843,50.157696,50.15961,50.1587365,240,3225
2022-11-23 23:54:58.040000,50.158042,50.157963,50.157645,50.157361,50.15775275000001,240,3225
2022-11-23 23:54:58.060000,50.15819,50.156462,50.158007,50.158741,50.157849999999996,240,3225
2022-11-23 23:54:58.080000,50.159111,50.156519,50.157645,50.158473,50.157937000000004,240,3225
2022-11-23 23:54:58.100000,50.158379,50.157375,50.156981,50.157078,50.15745325,240,3225
2022-11-23 23:54:58.120000,50.156339,50.157676,50.157312,50.156273,50.1569,240,3225
2022-11-23 23:54:58.140000,50.155772,50.15751,50.157696,50.156926,50.156976,240,3225
2022-11-23 23:54:58.160000,50.156597,50.15776,50.157839,50.156542,50.1571845,240,3225
2022-11-23 23:54:58.180000,50.156894,50.157504,50.157303,50.157092,50.15719825,240,3225
2022-11-23 23:54:58.200000,50.156838,50.156579,50.156555,50.15751,50.1568705,240,3225
2022-11-23 23:54:58.220000,50.158145,50.157338,50.156649,50.157643,50.15744375,240,3225
2022-11-23 23:54:58.240000,50.159001,50.158986,50.157294,50.157885,50.1582915,240,3225
2022-11-23 23:54:58.260000,50.158417,50.158625,50.157764,50.157074,50.15797,240,3225
2022-11-23 23:54:58.280000,50.1577,50.157121,50.157612,50.157657,50.1575225,240,3225
2022-11-23 23:54:58.300000,50.157287,50.156435,50.157405,50.15697,50.15702425,240,3225
2022-11-23 23:54:58.320000,50.157648,50.156972,50.157538,50.154831,50.15674725,240,3225
2022-11-23 23:54:58.340000,50.158213,50.158385,50.157559,50.157101,50.1578145,240,3225
2022-11-23 23:54:58.360000,50.157801,50.159194,50.157454,50.157635,50.158021,240,3225
2022-11-23 23:54:58.380000,50.157329,50.158514,50.156215,50.157354,50.157353,240,3225
2022-11-23 23:54:58.400000,50.157047,50.157241,50.155232,50.156375,50.156473749999996,240,3225
2022-11-23 23:54:58.420000,50.156144,50.155707,50.155486,50.1574,50.156184249999995,240,3225
2022-11-23 23:54:58.440000,50.155801,50.155023,50.156172,50.156658,50.1559135,240,3225
2022-11-23 23:54:58.460000,50.156378,50.155676,50.156583,50.155819,50.156114,240,3225
2022-11-23 23:54:58.480000,50.15649,50.157066,50.156352,50.155419,50.15633175,240,3225
2022-11-23 23:54:58.500000,50.156173,50.157899,50.155972,50.155399,50.156360750000005,240,3225
2022-11-23 23:54:58.520000,50.156241,50.157454,50.155197,50.155424,50.15607899999999,240,3225
2022-11-23 23:54:58.540000,50.156616,50.156639,50.154621,50.155155,50.15575775,240,3225
2022-11-23 23:54:58.560000,50.15676,50.156486,50.155545,50.156375,50.156291499999995,240,3225
2022-11-23 23:54:58.580000,50.156866,50.157064,50.156436,50.157638,50.157001,240,3225
2022-11-23 23:54:58.600000,50.157079,50.157468,50.156658,50.156836,50.15701025,240,3225
2022-11-23 23:54:58.620000,50.15662,50.157212,50.156646,50.156218,50.156673999999995,240,3225
2022-11-23 23:54:58.640000,50.156064,50.156708,50.156735,50.156269,50.156444,240,3225
2022-11-23 23:54:58.660000,50.156255,50.156663,50.15771,50.155542,50.1565425,240,3225
2022-11-23 23:54:58.680000,50.156389,50.155908,50.158681,50.155685,50.15666575,240,3225
2022-11-23 23:54:58.700000,50.156065,50.155454,50.1588,50.15531,50.15640725,240,3225
2022-11-23 23:54:58.720000,50.155773,50.156666,50.157994,50.155814,50.15656175,240,3225
2022-11-23 23:54:58.740000,50.155847,50.157663,50.156777,50.156672,50.15673975,240,3225
2022-11-23 23:54:58.760000,50.156027,50.157185,50.155686,50.156255,50.15628825,240,3225
2022-11-23 23:54:58.780000,50.155728,50.156481,50.15482,50.156222,50.155812749999996,240,3225
2022-11-23 23:54:58.800000,50.155065,50.156137,50.154979,50.155815,50.155499,240,3225
2022-11-23 23:54:58.820000,50.154759,50.156244,50.155337,50.156324,50.155666,240,3225
2022-11-23 23:54:58.840000,50.155153,50.156421,50.155177,50.155407,50.1555395,240,3225
2022-11-23 23:54:58.860000,50.15581,50.155903,50.155336,50.156102,50.15578775,240,3225
2022-11-23 23:54:58.880000,50.155985,50.155119,50.155601,50.154834,50.155384749999996,240,3225
2022-11-23 23:54:58.900000,50.155255,50.15494,50.155862,50.155574,50.155407749999995,240,3225
2022-11-23 23:54:58.920000,50.155005,50.154977,50.15604,50.156797,50.15570475,240,3225
2022-11-23 23:54:58.940000,50.155051,50.155069,50.155963,50.15637,50.15561325,240,3225
2022-11-23 23:54:58.960000,50.154436,50.155088,50.155686,50.15687,50.15552,240,3225
2022-11-23 23:54:58.980000,50.154606,50.155727,50.155293,50.155935,50.155390249999996,240,3225
2022-11-23 23:54:59.000000,50.156199,50.156168,50.155624,50.155778,50.155942249999995,240,3225
2022-11-23 23:54:59.020000,50.156213,50.153623,50.155165,50.15225,50.15431275,240,3225
2022-11-23 23:54:59.040000,50.153296,50.151102,50.152706,50.138102,50.1488015,240,3225
2022-11-23 23:54:59.060000,50.151783,50.153699,50.151541,50.153287,50.15257750000001,240,3225
2022-11-23 23:54:59.080000,50.153051,50.157669,50.153022,50.159324,50.1557665,240,3225
2022-11-23 23:54:59.100000,50.153834,50.158094,50.154971,50.16475,50.15791225,240,3225
2022-11-23 23:54:59.120000,50.15482,50.156299,50.155752,50.156399,50.1558175,240,3225
2022-11-23 23:54:59.140000,50.155078,50.153062,50.155008,50.152509,50.15391425000001,240,3225
2022-11-23 23:54:59.160000,50.153484,50.151457,50.153652,50.141768,50.150090250000005,240,3225
2022-11-23 23:54:59.180000,50.153026,50.153443,50.153311,50.152592,50.153093,240,3225
2022-11-23 23:54:59.200000,50.153388,50.154371,50.153149,50.153917,50.153706250000006,240,3225
2022-11-23 23:54:59.220000,50.152851,50.153181,50.15216,50.150445,50.15215925,240,3225
2022-11-23 23:54:59.240000,50.152984,50.152774,50.152019,50.155111,50.153222,240,3225
2022-11-23 23:54:59.260000,50.153148,50.152172,50.152678,50.151249,50.15231175,240,3225
2022-11-23 23:54:59.280000,50.153406,50.15189,50.153565,50.155935,50.153699,240,3225
2022-11-23 23:54:59.300000,50.15386,50.152214,50.154147,50.152727,50.153237,240,3225
2022-11-23 23:54:59.320000,50.153565,50.154184,50.154524,50.150894,50.15329175,240,3225
2022-11-23 23:54:59.340000,50.153791,50.156021,50.154161,50.156963,50.155234,240,3225
2022-11-23 23:54:59.360000,50.154085,50.154445,50.153104,50.153925,50.153889750000005,240,3225
2022-11-23 23:54:59.380000,50.153345,50.152252,50.151922,50.151186,50.15217625,240,3225
2022-11-23 23:54:59.400000,50.152417,50.152014,50.15153,50.150009,50.1514925,240,3225
2022-11-23 23:54:59.420000,50.152406,50.15217,50.151282,50.1535,50.152339500000004,240,3225
2022-11-23 23:54:59.440000,50.152713,50.151926,50.150974,50.152695,50.152077,240,3225
2022-11-23 23:54:59.460000,50.153139,50.1525,50.150995,50.150778,50.151853,240,3225
2022-11-23 23:54:59.480000,50.153393,50.153994,50.152299,50.160445,50.155032750000004,240,3225
2022-11-23 23:54:59.500000,50.152744,50.153478,50.153763,50.158,50.154496249999994,240,3225
2022-11-23 23:54:59.520000,50.152379,50.151876,50.154048,50.153269,50.152893,240,3225
2022-11-23 23:54:59.540000,50.152743,50.151545,50.153557,50.153194,50.15275975,240,3225
2022-11-23 23:54:59.560000,50.152395,50.151903,50.152712,50.151611,50.15215525,240,3225
2022-11-23 23:54:59.580000,50.152431,50.152806,50.15239,50.151519,50.1522865,240,3225
2022-11-23 23:54:59.600000,50.153106,50.152321,50.152667,50.152398,50.152623000000006,240,3225
2022-11-23 23:54:59.620000,50.151871,50.148967,50.150551,50.143722,50.14877775,240,3225
2022-11-23 23:54:59.640000,50.15024,50.148213,50.148589,50.143527,50.147642250000004,240,3225
2022-11-23 23:54:59.660000,50.150332,50.150618,50.149103,50.156926,50.15174475,240,3225
2022-11-23 23:54:59.680000,50.149654,50.149875,50.149313,50.158583,50.15185625,240,3225
2022-11-23 23:54:59.700000,50.148117,50.149384,50.14921,50.13901,50.146430249999995,240,3225
2022-11-23 23:54:59.720000,50.149477,50.151848,50.150993,50.153454,50.151443,240,3225
2022-11-23 23:54:59.740000,50.151635,50.15217,50.152988,50.152968,50.15244025,240,3225
2022-11-23 23:54:59.760000,50.151751,50.150346,50.152314,50.158884,50.15332375,240,3225
2022-11-23 23:54:59.780000,50.1512,50.1496,50.150226,50.142222,50.148312000000004,240,3225
2022-11-23 23:54:59.800000,50.149981,50.14852,50.149348,50.146403,50.148562999999996,240,3225
2022-11-23 23:54:59.820000,50.147689,50.147088,50.1485,50.148607,50.147971,240,3225
2022-11-23 23:54:59.840000,50.147653,50.148144,50.148402,50.148176,50.14809375,240,3225
2022-11-23 23:54:59.860000,50.149611,50.149401,50.149633,50.150796,50.14986025,240,3225
2022-11-23 23:54:59.880000,50.149819,50.148651,50.149906,50.150157,50.14963325,240,3225
2022-11-23 23:54:59.900000,50.148167,50.148588,50.148778,50.146861,50.148098499999996,240,3225
2022-11-23 23:54:59.920000,50.147663,50.151527,50.148498,50.149703,50.149347750000004,240,3225
2022-11-23 23:54:59.940000,50.149209,50.153085,50.1502,50.157732,50.1525565,240,3225
2022-11-23 23:54:59.960000,50.149495,50.149594,50.150568,50.149176,50.14970825,240,3225
2022-11-23 23:54:59.980000,50.147954,50.147153,50.148944,50.146565,50.147654,240,3225
2022-11-23 23:55:00.000000,50.146746,50.147523,50.147426,50.146416,50.14702775000001,240,3225
2022-11-23 23:55:00.020000,50.14701,50.148098,50.146702,50.141195,50.14575125,240,3225
2022-11-23 23:55:00.040000,50.147361,50.147605,50.146212,50.147787,50.14724124999999,240,3225
2022-11-23 23:55:00.060000,50.146189,50.146008,50.144997,50.13837,50.143891,240,3225
2022-11-23 23:55:00.080000,50.144236,50.146054,50.144159,50.14499,50.14485975,240,3225
2022-11-23 23:55:00.100000,50.143472,50.147213,50.144083,50.144593,50.14484025,240,3225
2022-11-23 23:55:00.120000,50.145084,50.148638,50.145181,50.150907,50.1474525,240,3225
2022-11-23 23:55:00.140000,50.147232,50.149031,50.146469,50.13874,50.145368000000005,240,3225
2022-11-23 23:55:00.160000,50.147578,50.147025,50.145945,50.141297,50.14546125,240,3225
2022-11-23 23:55:00.180000,50.146842,50.145407,50.144901,50.150032,50.1467955,240,3225
2022-11-23 23:55:00.200000,50.144944,50.143242,50.143892,50.152042,50.146029999999996,240,3225
2022-11-23 23:55:00.220000,50.142227,50.142077,50.142613,50.134056,50.14024325,240,3225
2022-11-23 23:55:00.240000,50.141894,50.143236,50.142429,50.142347,50.1424765,240,3225
2022-11-23 23:55:00.260000,50.143329,50.143791,50.142567,50.145703,50.1438475,240,3225
2022-11-23 23:55:00.280000,50.143958,50.143473,50.142784,50.138996,50.14230275,240,3225
2022-11-23 23:55:00.300000,50.144143,50.143273,50.143043,50.144856,50.143828750000004,240,3225
2022-11-23 23:55:00.320000,50.143667,50.142565,50.142589,50.138921,50.1419355,240,3225
2022-11-23 23:55:00.340000,50.142301,50.141647,50.141967,50.141514,50.14185725,240,3225
2022-11-23 23:55:00.360000,50.141343,50.141181,50.141598,50.13888,50.1407505,240,3225
2022-11-23 23:55:00.380000,50.141107,50.141205,50.141426,50.144301,50.14200975,240,3225
2022-11-23 23:55:00.400000,50.140916,50.14109,50.140291,50.140569,50.140716499999996,240,3225
2022-11-23 23:55:00.420000,50.139504,50.140357,50.138535,50.139746,50.1395355,240,3225
2022-11-23 23:55:00.440000,50.138519,50.141249,50.1385,50.138317,50.13914625,240,3225
2022-11-23 23:55:00.460000,50.140486,50.14453,50.140731,50.141643,50.1418475,240,3225
2022-11-23 23:55:00.480000,50.143004,50.14522,50.143057,50.151951,50.145808,240,3225
2022-11-23 23:55:00.500000,50.142945,50.143057,50.143423,50.149726,50.14478774999999,240,3225
2022-11-23 23:55:00.520000,50.140677,50.140901,50.141291,50.137396,50.14006625,240,3225
2022-11-23 23:55:00.540000,50.137856,50.138204,50.138646,50.127912,50.1356545,240,3225
2022-11-23 23:55:00.560000,50.136981,50.137012,50.137933,50.133454,50.136345,240,3225
2022-11-23 23:55:00.580000,50.137967,50.137059,50.138852,50.141664,50.1388855,240,3225
2022-11-23 23:55:00.600000,50.138022,50.136209,50.138748,50.13804,50.13775475,240,3225
2022-11-23 23:55:00.620000,50.137851,50.136578,50.138443,50.140001,50.138218249999994,240,3225
2022-11-23 23:55:00.640000,50.138341,50.137778,50.138421,50.137513,50.13801325,240,3225
2022-11-23 23:55:00.660000,50.138047,50.138888,50.138136,50.137645,50.138179,240,3225
2022-11-23 23:55:00.680000,50.137597,50.140527,50.1387,50.144734,50.1403895,240,3225
2022-11-23 23:55:00.700000,50.137324,50.140015,50.138802,50.145557,50.140424499999995,240,3225
2022-11-23 23:55:00.720000,50.137073,50.137301,50.137973,50.136796,50.137285750000004,240,3225
2022-11-23 23:55:00.740000,50.136829,50.136222,50.137831,50.1375,50.1370955,240,3225
2022-11-23 23:55:00.760000,50.136733,50.136532,50.138607,50.138601,50.13761825,240,3225
2022-11-23 23:55:00.780000,50.137023,50.136274,50.13974,50.138498,50.13788375,240,3225
2022-11-23 23:55:00.800000,50.137091,50.135319,50.139307,50.139024,50.137685250000004,240,3225
2022-11-23 23:55:00.820000,50.136972,50.13543,50.138321,50.140124,50.137711749999994,240,3225
2022-11-23 23:55:00.840000,50.136904,50.136532,50.137824,50.136953,50.13705325,240,3225
2022-11-23 23:55:00.860000,50.1367,50.137038,50.136779,50.137231,50.136937,240,3225
2022-11-23 23:55:00.880000,50.135927,50.136629,50.136163,50.136639,50.136339500000005,240,3225
2022-11-23 23:55:00.900000,50.13494,50.135635,50.136002,50.13724,50.13595425,240,3225
2022-11-23 23:55:00.920000,50.134982,50.134569,50.135659,50.135125,50.13508375000001,240,3225
2022-11-23 23:55:00.940000,50.136068,50.13355,50.135522,50.136255,50.135348750000006,240,3225
2022-11-23 23:55:00.960000,50.136615,50.131984,50.135692,50.137236,50.13538175,240,3225
2022-11-23 23:55:00.980000,50.13518,50.129245,50.134181,50.135,50.13340149999999,240,3225
2022-11-23 23:55:01.000000,50.132875,50.128923,50.131741,50.126662,50.130050250000004,240,3225
2022-11-23 23:55:01.020000,50.132338,50.132224,50.131768,50.126917,50.13081175,240,3225
2022-11-23 23:55:01.040000,50.133329,50.133148,50.132836,50.133352,50.13316625,240,3225
2022-11-23 23:55:01.060000,50.133699,50.130727,50.132634,50.134749,50.13295225,240,3225
2022-11-23 23:55:01.080000,50.133282,50.131027,50.132199,50.129584,50.131522999999994,240,3225
2022-11-23 23:55:01.100000,50.133411,50.132868,50.132497,50.134722,50.1333745,240,3225
2022-11-23 23:55:01.120000,50.133954,50.132093,50.132731,50.135769,50.13363675,240,3225
2022-11-23 23:55:01.140000,50.13364,50.131187,50.132772,50.131416,50.132253750000004,240,3225
2022-11-23 23:55:01.160000,50.132876,50.130347,50.133033,50.131786,50.1320105,240,3225
2022-11-23 23:55:01.180000,50.132129,50.129203,50.132563,50.132769,50.131665999999996,240,3225
2022-11-23 23:55:01.200000,50.132565,50.129732,50.131599,50.131,50.131223999999996,240,3225
2022-11-23 23:55:01.220000,50.132783,50.130856,50.131008,50.12969,50.13108425,240,3225
2022-11-23 23:55:01.240000,50.131954,50.131458,50.130242,50.131551,50.13130125,240,3225
2022-11-23 23:55:01.260000,50.131579,50.131593,50.129793,50.130445,50.1308525,240,3225
2022-11-23 23:55:01.280000,50.132198,50.131075,50.130038,50.131481,50.131198,240,3225
2022-11-23 23:55:01.300000,50.132524,50.130972,50.130696,50.131047,50.13130975,240,3225
2022-11-23 23:55:01.320000,50.132154,50.131552,50.131149,50.134648,50.13237575,240,3225
2022-11-23 23:55:01.340000,50.130792,50.130093,50.130744,50.13087,50.130624749999996,240,3225
2022-11-23 23:55:01.360000,50.129185,50.127921,50.129876,50.127129,50.128527749999996,240,3225
2022-11-23 23:55:01.380000,50.128709,50.127365,50.128358,50.125333,50.127441250000004,240,3225
2022-11-23 23:55:01.400000,50.127912,50.12667,50.126459,50.122852,50.125973249999994,240,3225
2022-11-23 23:55:01.420000,50.127624,50.126666,50.125673,50.126324,50.12657175,240,3225
2022-11-23 23:55:01.440000,50.1274,50.125417,50.124868,50.126462,50.12603675,240,3225
2022-11-23 23:55:01.460000,50.12547,50.125518,50.124334,50.118408,50.12343250000001,240,3225
2022-11-23 23:55:01.480000,50.125348,50.128801,50.125645,50.134602,50.128599,240,3225
2022-11-23 23:55:01.500000,50.125005,50.12565,50.124975,50.121649,50.12431975,240,3225
2022-11-23 23:55:01.520000,50.122423,50.122781,50.122521,50.113787,50.120378,240,3225
2022-11-23 23:55:01.540000,50.123212,50.126991,50.123133,50.12375,50.1242715,240,3225
2022-11-23 23:55:01.560000,50.125469,50.126053,50.123838,50.129287,50.12616175,240,3225
2022-11-23 23:55:01.580000,50.12299,50.122034,50.12256,50.116148,50.120933,240,3225
2022-11-23 23:55:01.600000,50.12077,50.125838,50.122991,50.124787,50.1235965,240,3225
2022-11-23 23:55:01.620000,50.122422,50.12932,50.124517,50.130861,50.126780000000004,240,3225
2022-11-23 23:55:01.640000,50.123173,50.12556,50.123799,50.127917,50.12511225,240,3225
2022-11-23 23:55:01.660000,50.120971,50.121304,50.121054,50.117334,50.120165750000005,240,3225
2022-11-23 23:55:01.680000,50.118193,50.120947,50.118147,50.110823,50.1170275,240,3225
2022-11-23 23:55:01.700000,50.117729,50.122079,50.116983,50.119223,50.1190035,240,3225
2022-11-23 23:55:01.720000,50.118229,50.121894,50.117511,50.115445,50.118269749999996,240,3225
2022-11-23 23:55:01.740000,50.118873,50.1227,50.119574,50.124694,50.121460250000005,240,3225
2022-11-23 23:55:01.760000,50.119323,50.123275,50.121326,50.124666,50.1221475,240,3225
2022-11-23 23:55:01.780000,50.117576,50.119056,50.120664,50.116185,50.11837025,240,3225
2022-11-23 23:55:01.800000,50.115287,50.11724,50.119462,50.108963,50.115238000000005,240,3225
2022-11-23 23:55:01.820000,50.116195,50.121282,50.119859,50.121,50.119584,240,3225
2022-11-23 23:55:01.840000,50.117659,50.122413,50.119461,50.119575,50.119777,240,3225
2022-11-23 23:55:01.860000,50.116984,50.11866,50.116596,50.114749,50.11674725,240,3225
2022-11-23 23:55:01.880000,50.114914,50.116481,50.113953,50.112621,50.11449225,240,3225
2022-11-23 23:55:01.900000,50.11339,50.117204,50.113205,50.119277,50.115769,240,3225
2022-11-23 23:55:01.920000,50.113541,50.116886,50.113671,50.11125,50.11383699999999,240,3225
2022-11-23 23:55:01.940000,50.114416,50.115448,50.114443,50.114889,50.114799,240,3225
2022-11-23 23:55:01.960000,50.114314,50.115222,50.114469,50.115018,50.11475574999999,240,3225
2022-11-23 23:55:01.980000,50.113949,50.116519,50.11408,50.116407,50.11523875,240,3225
2022-11-23 23:55:02.000000,50.113671,50.116347,50.113705,50.112787,50.1141275,240,3225
2022-11-23 23:55:02.020000,50.112514,50.114311,50.113337,50.109704,50.1124665,240,3225
2022-11-23 23:55:02.040000,50.111384,50.113153,50.112565,50.114852,50.1129885,240,3225
2022-11-23 23:55:02.060000,50.111722,50.113373,50.111792,50.113879,50.112691500000004,240,3225
2022-11-23 23:55:02.080000,50.111879,50.113705,50.111581,50.113491,50.112664,240,3225
2022-11-23 23:55:02.100000,50.111009,50.113622,50.111542,50.111606,50.11194475,240,3225
2022-11-23 23:55:02.120000,50.110819,50.113056,50.111559,50.111181,50.11165375,240,3225
2022-11-23 23:55:02.140000,50.110959,50.111381,50.111127,50.113972,50.11185975,240,3225
2022-11-23 23:55:02.160000,50.110505,50.11107,50.110464,50.105899,50.1094845,240,3225
2022-11-23 23:55:02.180000,50.11039,50.112239,50.110371,50.113583,50.11164575000001,240,3225
2022-11-23 23:55:02.200000,50.110872,50.11198,50.110287,50.11225,50.11134725000001,240,3225
2022-11-23 23:55:02.220000,50.111342,50.110456,50.109767,50.107417,50.1097455,240,3225
2022-11-23 23:55:02.240000,50.111138,50.109366,50.1097,50.109231,50.10985875,240,3225
2022-11-23 23:55:02.260000,50.110505,50.109066,50.110426,50.110936,50.11023325,240,3225
2022-11-23 23:55:02.280000,50.109912,50.108368,50.110707,50.111,50.10999674999999,240,3225
2022-11-23 23:55:02.300000,50.109005,50.10729,50.109522,50.106213,50.1080075,240,3225
2022-11-23 23:55:02.320000,50.108922,50.107674,50.108659,50.107509,50.108191000000005,240,3225
2022-11-23 23:55:02.340000,50.109083,50.107689,50.10858,50.112139,50.109372750000006,240,3225
2022-11-23 23:55:02.360000,50.108412,50.106374,50.108256,50.108148,50.1077975,240,3225
2022-11-23 23:55:02.380000,50.108528,50.106709,50.108388,50.108028,50.107913249999996,240,3225
2022-11-23 23:55:02.400000,50.108574,50.106874,50.108211,50.110704,50.10859075,240,3225
2022-11-23 23:55:02.420000,50.106588,50.106105,50.106721,50.101583,50.10524925,240,3225
2022-11-23 23:55:02.440000,50.105649,50.106424,50.106219,50.109694,50.1069965,240,3225
2022-11-23 23:55:02.460000,50.106399,50.10508,50.106252,50.104167,50.10547449999999,240,3225
2022-11-23 23:55:02.480000,50.105768,50.102474,50.105791,50.10226,50.10407325,240,3225
2022-11-23 23:55:02.500000,50.104481,50.102068,50.104999,50.103537,50.103771249999994,240,3225
2022-11-23 23:55:02.520000,50.103898,50.102736,50.10405,50.103388,50.103518,240,3225
2022-11-23 23:55:02.540000,50.103014,50.102982,50.103674,50.102167,50.10295925,240,3225
2022-11-23 23:55:02.560000,50.102787,50.102931,50.102978,50.104495,50.103297749999996,240,3225
2022-11-23 23:55:02.580000,50.103463,50.102962,50.102148,50.102773,50.102836499999995,240,3225
2022-11-23 23:55:02.600000,50.10313,50.102223,50.102132,50.104546,50.103007749999996,240,3225
2022-11-23 23:55:02.620000,50.102236,50.100513,50.102333,50.100842,50.101481,240,3225
2022-11-23 23:55:02.640000,50.102397,50.100403,50.101862,50.101963,50.101656250000005,240,3225
2022-11-23 23:55:02.660000,50.102782,50.101172,50.100593,50.104342,50.102222250000004,240,3225
2022-11-23 23:55:02.680000,50.102367,50.102001,50.100309,50.098889,50.1008915,240,3225
2022-11-23 23:55:02.700000,50.10186,50.101121,50.101115,50.108139,50.103058749999995,240,3225
2022-11-23 23:55:02.720000,50.100467,50.097128,50.100234,50.092704,50.09763325,240,3225
2022-11-23 23:55:02.740000,50.099042,50.096519,50.098991,50.097995,50.09813675,240,3225
2022-11-23 23:55:02.760000,50.098444,50.098362,50.098899,50.094718,50.09760575,240,3225
2022-11-23 23:55:02.780000,50.098337,50.09831,50.098586,50.100889,50.0990305,240,3225
2022-11-23 23:55:02.800000,50.098825,50.098378,50.098264,50.099713,50.098795,240,3225
2022-11-23 23:55:02.820000,50.098542,50.098167,50.098668,50.099972,50.09883725,240,3225
2022-11-23 23:55:02.840000,50.097458,50.097852,50.099308,50.096953,50.09789275,240,3225
2022-11-23 23:55:02.860000,50.097787,50.098371,50.099841,50.098852,50.09871275,240,3225
2022-11-23 23:55:02.880000,50.097412,50.096718,50.098667,50.104185,50.0992455,240,3225
2022-11-23 23:55:02.900000,50.095565,50.094871,50.096114,50.093185,50.09493375,240,3225
2022-11-23 23:55:02.920000,50.095,50.095888,50.094323,50.096575,50.0954465,240,3225
2022-11-23 23:55:02.940000,50.095458,50.09689,50.094078,50.097643,50.09601725,240,3225
2022-11-23 23:55:02.960000,50.095602,50.095917,50.094884,50.098477,50.09622,240,3225
2022-11-23 23:55:02.980000,50.095834,50.096735,50.096554,50.093852,50.095743750000004,240,3225
2022-11-23 23:55:03.000000,50.096395,50.098334,50.098042,50.107907,50.10016949999999,240,3225
2022-11-23 23:55:03.020000,50.095281,50.095339,50.096514,50.091806,50.09473499999999,240,3225
2022-11-23 23:55:03.040000,50.093573,50.092958,50.093883,50.085847,50.09156525,240,3225
2022-11-23 23:55:03.060000,50.093189,50.093749,50.093099,50.090537,50.092643499999994,240,3225
2022-11-23 23:55:03.080000,50.092505,50.093313,50.092842,50.094338,50.0932495,240,3225
2022-11-23 23:55:03.100000,50.092917,50.092463,50.092899,50.093995,50.0930685,240,3225
2022-11-23 23:55:03.120000,50.093607,50.091798,50.092592,50.094315,50.093078,240,3225
2022-11-23 23:55:03.140000,50.091472,50.090824,50.091296,50.091806,50.0913495,240,3225
2022-11-23 23:55:03.160000,50.089769,50.091906,50.090805,50.090561,50.09076025,240,3225
2022-11-23 23:55:03.180000,50.09081,50.093116,50.091496,50.094597,50.092504749999996,240,3225
2022-11-23 23:55:03.200000,50.091537,50.091154,50.091405,50.090811,50.091226750000004,240,3225
2022-11-23 23:55:03.220000,50.091639,50.090065,50.091007,50.089023,50.090433499999996,240,3225
2022-11-23 23:55:03.240000,50.092304,50.090462,50.091209,50.094588,50.09214075,240,3225
2022-11-23 23:55:03.260000,50.091504,50.089234,50.090833,50.089297,50.090216999999996,240,3225
2022-11-23 23:55:03.280000,50.089426,50.089065,50.089863,50.086569,50.08873075,240,3225
2022-11-23 23:55:03.300000,50.088282,50.089774,50.089103,50.09136,50.08962975,240,3225
2022-11-23 23:55:03.320000,50.087875,50.088408,50.088499,50.085011,50.08744825,240,3225
2022-11-23 23:55:03.340000,50.088056,50.088869,50.088353,50.088895,50.08854325000001,240,3225
2022-11-23 23:55:03.360000,50.088523,50.090004,50.088311,50.090143,50.089245250000005,240,3225
2022-11-23 23:55:03.380000,50.08756,50.088589,50.087812,50.087739,50.087925,240,3225
2022-11-23 23:55:03.400000,50.086213,50.088,50.087335,50.08612,50.086917,240,3225
2022-11-23 23:55:03.420000,50.08519,50.088074,50.086928,50.084869,50.08626525,240,3225
2022-11-23 23:55:03.440000,50.084537,50.08644,50.086311,50.086408,50.085924,240,3225
2022-11-23 23:55:03.460000,50.08488,50.08437,50.085545,50.084866,50.08491525,240,3225
2022-11-23 23:55:03.480000,50.085663,50.084481,50.085659,50.085806,50.085402249999994,240,3225
2022-11-23 23:55:03.500000,50.086255,50.085935,50.086532,50.087771,50.08662325,240,3225
2022-11-23 23:55:03.520000,50.085973,50.085635,50.086056,50.087531,50.08629875,240,3225
2022-11-23 23:55:03.540000,50.085052,50.085686,50.085364,50.083185,50.08482175,240,3225
2022-11-23 23:55:03.560000,50.084903,50.086348,50.085543,50.085831,50.08565625,240,3225
2022-11-23 23:55:03.580000,50.084753,50.084329,50.084714,50.08942,50.085803999999996,240,3225
2022-11-23 23:55:03.600000,50.083148,50.083467,50.083366,50.07487,50.08121275,240,3225
2022-11-23 23:55:03.620000,50.082121,50.085435,50.082366,50.087094,50.084254,240,3225
2022-11-23 23:55:03.640000,50.082945,50.084953,50.081401,50.080021,50.08233,240,3225
2022-11-23 23:55:03.660000,50.083708,50.083504,50.080687,50.085001,50.083225000000006,240,3225
2022-11-23 23:55:03.680000,50.083125,50.083139,50.081566,50.080807,50.082159250000004,240,3225
2022-11-23 23:55:03.700000,50.08196,50.080894,50.082372,50.084744,50.0824925,240,3225
2022-11-23 23:55:03.720000,50.080935,50.079875,50.082361,50.078475,50.0804115,240,3225
2022-11-23 23:55:03.740000,50.081189,50.082958,50.083891,50.085662,50.083425000000005,240,3225
2022-11-23 23:55:03.760000,50.082921,50.083993,50.084501,50.087394,50.08470225000001,240,3225
2022-11-23 23:55:03.780000,50.082764,50.081589,50.082399,50.081378,50.082032500000004,240,3225
2022-11-23 23:55:03.800000,50.080866,50.0818,50.081073,50.078472,50.08055275,240,3225
2022-11-23 23:55:03.820000,50.081254,50.082476,50.081215,50.086505,50.082862500000005,240,3225
2022-11-23 23:55:03.840000,50.082457,50.080561,50.080593,50.07932,50.080732749999996,240,3225
2022-11-23 23:55:03.860000,50.081713,50.079671,50.080227,50.078204,50.07995375,240,3225
2022-11-23 23:55:03.880000,50.079631,50.08006,50.080768,50.081245,50.080426,240,3225
2022-11-23 23:55:03.900000,50.079245,50.080671,50.081274,50.078768,50.0799895,240,3225
2022-11-23 23:55:03.920000,50.080472,50.080075,50.081283,50.086783,50.08215325,240,3225
2022-11-23 23:55:03.940000,50.080431,50.077662,50.080303,50.077376,50.078942999999995,240,3225
2022-11-23 23:55:03.960000,50.079847,50.078375,50.079664,50.077372,50.0788145,240,3225
2022-11-23 23:55:03.980000,50.08044,50.079621,50.079521,50.079958,50.079885000000004,240,3225
2022-11-23 23:55:04.000000,50.080388,50.077968,50.079059,50.074588,50.07800075,240,3225
2022-11-23 23:55:04.020000,50.078343,50.077217,50.078845,50.079186,50.07839774999999,240,3225
2022-11-23 23:55:04.040000,50.07636,50.076922,50.078459,50.078037,50.0774445,240,3225
2022-11-23 23:55:04.060000,50.076634,50.076699,50.07858,50.074333,50.076561500000004,240,3225
2022-11-23 23:55:04.080000,50.07756,50.076685,50.078916,50.081912,50.078768249999996,240,3225
2022-11-23 23:55:04.100000,50.077338,50.076759,50.078983,50.077523,50.077650750000004,240,3225
2022-11-23 23:55:04.120000,50.077463,50.077015,50.078308,50.07987,50.078164,240,3225
2022-11-23 23:55:04.140000,50.077592,50.076912,50.077221,50.078162,50.07747175,240,3225
2022-11-23 23:55:04.160000,50.076931,50.076578,50.076105,50.076,50.0764035,240,3225
2022-11-23 23:55:04.180000,50.076168,50.076408,50.075071,50.076644,50.07607275000001,240,3225
2022-11-23 23:55:04.200000,50.076569,50.076394,50.074913,50.074722,50.075649500000004,240,3225
2022-11-23 23:55:04.220000,50.077388,50.076805,50.0761,50.076426,50.07667975,240,3225
2022-11-23 23:55:04.240000,50.077579,50.077494,50.07758,50.076366,50.07725475,240,3225
2022-11-23 23:55:04.260000,50.076871,50.075899,50.077546,50.077366,50.0769205,240,3225
2022-11-23 23:55:04.280000,50.075644,50.073695,50.076328,50.071532,50.074299749999994,240,3225
2022-11-23 23:55:04.300000,50.076227,50.074768,50.075454,50.077227,50.075919,240,3225
2022-11-23 23:55:04.320000,50.076389,50.075423,50.074888,50.078449,50.07628725,240,3225
2022-11-23 23:55:04.340000,50.074708,50.075435,50.074346,50.067903,50.073098,240,3225
2022-11-23 23:55:04.360000,50.074208,50.076328,50.074617,50.077375,50.075632,240,3225
2022-11-23 23:55:04.380000,50.074329,50.074708,50.073911,50.072241,50.07379725,240,3225
2022-11-23 23:55:04.400000,50.073153,50.072458,50.072171,50.074676,50.0731145,240,3225
2022-11-23 23:55:04.420000,50.072816,50.072615,50.072004,50.071121,50.072139,240,3225
2022-11-23 23:55:04.440000,50.073712,50.072828,50.072982,50.077833,50.07433875,240,3225
2022-11-23 23:55:04.460000,50.074088,50.072495,50.073565,50.070982,50.0727825,240,3225
2022-11-23 23:55:04.480000,50.073449,50.073171,50.074022,50.078268,50.0747275,240,3225
2022-11-23 23:55:04.500000,50.072616,50.072857,50.073537,50.073815,50.07320625,240,3225
2022-11-23 23:55:04.520000,50.071458,50.071417,50.071949,50.071634,50.071614499999995,240,3225
2022-11-23 23:55:04.540000,50.071429,50.07128,50.071257,50.073875,50.071960250000004,240,3225
2022-11-23 23:55:04.560000,50.071855,50.071491,50.070603,50.072102,50.071512750000004,240,3225
2022-11-23 23:55:04.580000,50.071287,50.072939,50.070252,50.069417,50.07097375000001,240,3225
2022-11-23 23:55:04.600000,50.071968,50.075435,50.071563,50.075065,50.07350775,240,3225
2022-11-23 23:55:04.620000,50.072829,50.07231,50.071229,50.071018,50.0718465,240,3225
2022-11-23 23:55:04.640000,50.071255,50.069425,50.069983,50.066547,50.069302500000006,240,3225
2022-11-23 23:55:04.660000,50.070255,50.071973,50.070879,50.07187,50.07124425,240,3225
2022-11-23 23:55:04.680000,50.069976,50.071357,50.070979,50.068686,50.0702495,240,3225
2022-11-23 23:55:04.700000,50.069486,50.069526,50.069609,50.066305,50.0687315,240,3225
2022-11-23 23:55:04.720000,50.069375,50.070004,50.06837,50.070222,50.069492749999995,240,3225
2022-11-23 23:55:04.740000,50.068703,50.07001,50.067232,50.065426,50.06784275,240,3225
2022-11-23 23:55:04.760000,50.069277,50.071078,50.06824,50.070472,50.06976675,240,3225
2022-11-23 23:55:04.780000,50.07095,50.070653,50.06989,50.07362,50.071278250000006,240,3225
2022-11-23 23:55:04.800000,50.070547,50.068296,50.069737,50.069574,50.06953849999999,240,3225
2022-11-23 23:55:04.820000,50.068555,50.068171,50.068846,50.070134,50.0689265,240,3225
2022-11-23 23:55:04.840000,50.067203,50.068681,50.068632,50.063477,50.066998250000005,240,3225
2022-11-23 23:55:04.860000,50.067953,50.068917,50.069202,50.068528,50.068650000000005,240,3225
2022-11-23 23:55:04.880000,50.068828,50.068754,50.068837,50.07037,50.06919725,240,3225
2022-11-23 23:55:04.900000,50.06846,50.068815,50.0689,50.067629,50.068450999999996,240,3225
2022-11-23 23:55:04.920000,50.068393,50.068844,50.070061,50.071223,50.06963025,240,3225
2022-11-23 23:55:04.940000,50.067972,50.068046,50.069573,50.064583,50.0675435,240,3225
2022-11-23 23:55:04.960000,50.066893,50.068295,50.067963,50.068157,50.067826999999994,240,3225
2022-11-23 23:55:04.980000,50.066551,50.068144,50.067347,50.07125,50.068323,240,3225
2022-11-23 23:55:05.000000,50.066383,50.066774,50.067302,50.064908,50.06634175000001,240,3225
2022-11-23 23:55:05.020000,50.067054,50.067649,50.067948,50.065629,50.06707,240,3225
2022-11-23 23:55:05.040000,50.068287,50.067958,50.068662,50.07075,50.06891425,240,3225
2022-11-23 23:55:05.060000,50.066969,50.06429,50.067307,50.075722,50.068572,240,3225
2022-11-23 23:55:05.080000,50.06373,50.063793,50.065612,50.056731,50.0624665,240,3225
2022-11-23 23:55:05.100000,50.063063,50.067737,50.06578,50.062935,50.06487875,240,3225
2022-11-23 23:55:05.120000,50.064395,50.067591,50.066337,50.067778,50.06652525,240,3225
2022-11-23 23:55:05.140000,50.063942,50.06492,50.06526,50.066426,50.065137,240,3225
2022-11-23 23:55:05.160000,50.063796,50.066185,50.064088,50.064602,50.064667750000005,240,3225
2022-11-23 23:55:05.180000,50.065359,50.067048,50.064173,50.069269,50.066462249999994,240,3225
2022-11-23 23:55:05.200000,50.065509,50.064953,50.063895,50.065694,50.06501275,240,3225
2022-11-23 23:55:05.220000,50.064197,50.064606,50.06395,50.063352,50.064026250000005,240,3225
2022-11-23 23:55:05.240000,50.064172,50.065575,50.065069,50.064968,50.064946,240,3225
2022-11-23 23:55:05.260000,50.065454,50.064486,50.065591,50.063727,50.064814500000004,240,3225
2022-11-23 23:55:05.280000,50.066319,50.064647,50.065482,50.066167,50.06565375,240,3225
2022-11-23 23:55:05.300000,50.065448,50.065992,50.064782,50.068564,50.066196500000004,240,3225
2022-11-23 23:55:05.320000,50.063842,50.066005,50.063619,50.056871,50.06258425,240,3225
2022-11-23 23:55:05.340000,50.064025,50.065822,50.063711,50.065834,50.064848,240,3225
2022-11-23 23:55:05.360000,50.064933,50.064329,50.064055,50.06812,50.06535925,240,3225
2022-11-23 23:55:05.380000,50.064393,50.062414,50.063517,50.060875,50.06279975,240,3225
2022-11-23 23:55:05.400000,50.063875,50.063039,50.063271,50.065032,50.06380425,240,3225
2022-11-23 23:55:05.420000,50.063882,50.064427,50.063525,50.064269,50.06402575,240,3225
2022-11-23 23:55:05.440000,50.063669,50.064026,50.063355,50.063648,50.0636745,240,3225
2022-11-23 23:55:05.460000,50.062508,50.062367,50.062556,50.058685,50.061529,240,3225
2022-11-23 23:55:05.480000,50.061843,50.062638,50.062492,50.065435,50.063102,240,3225
2022-11-23 23:55:05.500000,50.062742,50.063901,50.063226,50.0625,50.06309225,240,3225
2022-11-23 23:55:05.520000,50.063704,50.062762,50.063535,50.061435,50.062859,240,3225
2022-11-23 23:55:05.540000,50.063008,50.061216,50.062837,50.059547,50.061652,240,3225
2022-11-23 23:55:05.560000,50.06296,50.063091,50.062705,50.063565,50.06308025,240,3225
2022-11-23 23:55:05.580000,50.064,50.064283,50.063243,50.061704,50.0633075,240,3225
2022-11-23 23:55:05.600000,50.064331,50.06198,50.063029,50.066806,50.0640365,240,3225
2022-11-23 23:55:05.620000,50.064309,50.059746,50.061865,50.067074,50.0632485,240,3225
2022-11-23 23:55:05.640000,50.063321,50.060391,50.061345,50.057343,50.06060000000001,240,3225
2022-11-23 23:55:05.660000,50.062582,50.063511,50.062411,50.057389,50.06147325,240,3225
2022-11-23 23:55:05.680000,50.063553,50.06578,50.064075,50.065963,50.064842750000004,240,3225
2022-11-23 23:55:05.700000,50.064818,50.064535,50.064756,50.06825,50.06558975000001,240,3225
2022-11-23 23:55:05.720000,50.064042,50.061519,50.063896,50.065778,50.06380875,240,3225
2022-11-23 23:55:05.740000,50.062424,50.060803,50.062308,50.055574,50.060277250000006,240,3225
2022-11-23 23:55:05.760000,50.062103,50.061949,50.061231,50.058241,50.060881,240,3225
2022-11-23 23:55:05.780000,50.06221,50.062225,50.06091,50.06775,50.06327375,240,3225
2022-11-23 23:55:05.800000,50.062233,50.062551,50.060838,50.059815,50.061359249999995,240,3225
2022-11-23 23:55:05.820000,50.062501,50.062043,50.06116,50.065981,50.062921249999995,240,3225
2022-11-23 23:55:05.840000,50.061193,50.059717,50.060666,50.057908,50.059871,240,3225
2022-11-23 23:55:05.860000,50.060011,50.059407,50.059976,50.060574,50.059992,240,3225
2022-11-23 23:55:05.880000,50.060745,50.060269,50.060411,50.060677,50.0605255,240,3225
2022-11-23 23:55:05.900000,50.061609,50.060301,50.060714,50.059472,50.060524,240,3225
2022-11-23 23:55:05.920000,50.06181,50.061096,50.061161,50.061769,50.061459,240,3225
2022-11-23 23:55:05.940000,50.061287,50.061689,50.062209,50.063259,50.062111,240,3225
2022-11-23 23:55:05.960000,50.060899,50.06058,50.062873,50.063047,50.06184974999999,240,3225
2022-11-23 23:55:05.980000,50.061866,50.058474,50.062423,50.062527,50.0613225,240,3225
2022-11-23 23:55:06.000000,50.062407,50.057602,50.061453,50.056444,50.0594765,240,3225
2022-11-23 23:55:06.020000,50.060801,50.059754,50.060775,50.055731,50.05926525,240,3225
2022-11-23 23:55:06.040000,50.059899,50.061934,50.061012,50.062612,50.061364250000004,240,3225
2022-11-23 23:55:06.060000,50.060111,50.061934,50.061726,50.06325,50.061755250000004,240,3225
2022-11-23 23:55:06.080000,50.059653,50.061329,50.061819,50.062583,50.06134599999999,240,3225
2022-11-23 23:55:06.100000,50.058677,50.060055,50.060854,50.059861,50.059861749999996,240,3225
2022-11-23 23:55:06.120000,50.059409,50.060198,50.060389,50.056713,50.059177250000005,240,3225
2022-11-23 23:55:06.140000,50.060751,50.060763,50.060906,50.062444,50.061216,240,3225
2022-11-23 23:55:06.160000,50.060152,50.060172,50.060492,50.05713,50.059486500000006,240,3225
2022-11-23 23:55:06.180000,50.059787,50.060429,50.059854,50.063583,50.06091325,240,3225
2022-11-23 23:55:06.200000,50.059875,50.059602,50.059489,50.063343,50.06057725,240,3225
2022-11-23 23:55:06.220000,50.058487,50.05792,50.058943,50.060435,50.058946250000005,240,3225
2022-11-23 23:55:06.240000,50.058575,50.059354,50.059235,50.056092,50.058314,240,3225
2022-11-23 23:55:06.260000,50.060374,50.059794,50.059858,50.062398,50.060606,240,3225
2022-11-23 23:55:06.280000,50.061319,50.057309,50.060212,50.058454,50.059323500000005,240,3225
2022-11-23 23:55:06.300000,50.061231,50.056227,50.060819,50.062666,50.060235750000004,240,3225
2022-11-23 23:55:06.320000,50.060241,50.056148,50.060289,50.059945,50.059155749999995,240,3225
2022-11-23 23:55:06.340000,50.059662,50.056859,50.059239,50.056287,50.05801175,240,3225
2022-11-23 23:55:06.360000,50.061041,50.060046,50.060636,50.06275,50.06111825,240,3225
2022-11-23 23:55:06.380000,50.062074,50.061108,50.062097,50.067473,50.063188000000004,240,3225
2022-11-23 23:55:06.400000,50.061321,50.060678,50.062256,50.059611,50.0609665,240,3225
2022-11-23 23:55:06.420000,50.060917,50.061603,50.06244,50.066667,50.06290675,240,3225
2022-11-23 23:55:06.440000,50.059782,50.060183,50.06134,50.055398,50.05917575,240,3225
2022-11-23 23:55:06.460000,50.057925,50.05866,50.059173,50.059306,50.058766,240,3225
2022-11-23 23:55:06.480000,50.058954,50.061429,50.05959,50.062009,50.0604955,240,3225
2022-11-23 23:55:06.500000,50.061093,50.062804,50.061753,50.071796,50.064361500000004,240,3225
2022-11-23 23:55:06.520000,50.06132,50.060481,50.062209,50.058055,50.06051625,240,3225
2022-11-23 23:55:06.540000,50.059921,50.057724,50.060345,50.054444,50.0581085,240,3225
2022-11-23 23:55:06.560000,50.058172,50.05853,50.05911,50.050768,50.056645,240,3225
2022-11-23 23:55:06.580000,50.059386,50.062873,50.060873,50.068787,50.06297975,240,3225
2022-11-23 23:55:06.600000,50.062106,50.063252,50.062173,50.07226,50.06494775,240,3225
2022-11-23 23:55:06.620000,50.06187,50.060028,50.0608,50.062648,50.0613365,240,3225
2022-11-23 23:55:06.640000,50.060316,50.060482,50.05981,50.058121,50.05968225,240,3225
2022-11-23 23:55:06.660000,50.060524,50.062095,50.060371,50.054704,50.05942350000001,240,3225
2022-11-23 23:55:06.680000,50.061009,50.061346,50.06078,50.061667,50.0612005,240,3225
2022-11-23 23:55:06.700000,50.061119,50.061492,50.060503,50.050416,50.05838249999999,240,3225
2022-11-23 23:55:06.720000,50.062541,50.062298,50.060661,50.067232,50.063183,240,3225
2022-11-23 23:55:06.740000,50.063728,50.0614,50.060716,50.062157,50.06200025,240,3225
2022-11-23 23:55:06.760000,50.062773,50.060419,50.060136,50.055666,50.059748500000005,240,3225
2022-11-23 23:55:06.780000,50.061458,50.059822,50.060392,50.064324,50.061499,240,3225
2022-11-23 23:55:06.800000,50.060865,50.058715,50.061276,50.060362,50.0603045,240,3225
2022-11-23 23:55:06.820000,50.061209,50.059749,50.061977,50.059333,50.060567,240,3225
2022-11-23 23:55:06.840000,50.062764,50.062102,50.062768,50.069611,50.06431125,240,3225
2022-11-23 23:55:06.860000,50.063801,50.06147,50.062164,50.062194,50.06240725,240,3225
2022-11-23 23:55:06.880000,50.062236,50.05982,50.059971,50.049195,50.0578055,240,3225
2022-11-23 23:55:06.900000,50.060357,50.061834,50.059129,50.063037,50.06108925,240,3225
2022-11-23 23:55:06.920000,50.060694,50.06378,50.060281,50.061093,50.061462,240,3225
2022-11-23 23:55:06.940000,50.061088,50.061519,50.061738,50.060546,50.06122275,240,3225
2022-11-23 23:55:06.960000,50.060768,50.060114,50.062298,50.059889,50.06076725,240,3225
2022-11-23 23:55:06.980000,50.062033,50.062847,50.062418,50.060972,50.0620675,240,3225
2022-11-23 23:55:07.000000,50.064014,50.063769,50.062262,50.059463,50.062377,240,3225
2022-11-23 23:55:07.020000,50.064227,50.061744,50.061799,50.063334,50.062776,240,3225
2022-11-23 23:55:07.040000,50.062352,50.0611,50.061001,50.060111,50.061141,240,3225
2022-11-23 23:55:07.060000,50.061314,50.063329,50.061646,50.057259,50.06088700000001,240,3225
2022-11-23 23:55:07.080000,50.061542,50.063742,50.062597,50.06912,50.06425025,240,3225
2022-11-23 23:55:07.100000,50.061644,50.062075,50.061996,50.061009,50.06168099999999,240,3225
2022-11-23 23:55:07.120000,50.06225,50.061829,50.061931,50.059722,50.061433,240,3225
2022-11-23 23:55:07.140000,50.062309,50.061045,50.062304,50.062602,50.062065,240,3225
2022-11-23 23:55:07.160000,50.061263,50.060133,50.061609,50.060324,50.060832250000004,240,3225
2022-11-23 23:55:07.180000,50.061489,50.061296,50.060946,50.059685,50.060854,240,3225
2022-11-23 23:55:07.200000,50.06169,50.061524,50.060993,50.065259,50.062366499999996,240,3225
2022-11-23 23:55:07.220000,50.060388,50.062015,50.061315,50.055991,50.05992725,240,3225
2022-11-23 23:55:07.240000,50.060509,50.063958,50.061955,50.064158,50.062644999999996,240,3225
2022-11-23 23:55:07.260000,50.061491,50.063107,50.062332,50.062204,50.0622835,240,3225
2022-11-23 23:55:07.280000,50.061945,50.061703,50.061869,50.060139,50.061414,240,3225
2022-11-23 23:55:07.300000,50.061759,50.061347,50.06136,50.064861,50.062331750000006,240,3225
2022-11-23 23:55:07.320000,50.061713,50.062463,50.061492,50.057537,50.060801250000004,240,3225
2022-11-23 23:55:07.340000,50.062333,50.062769,50.06145,50.06525,50.0629505,240,3225
2022-11-23 23:55:07.360000,50.062162,50.06161,50.060921,50.060047,50.061185,240,3225
2022-11-23 23:55:07.380000,50.061838,50.061281,50.061243,50.063699,50.06201525,240,3225
2022-11-23 23:55:07.400000,50.06226,50.061073,50.061797,50.063384,50.0621285,240,3225
2022-11-23 23:55:07.420000,50.062896,50.060909,50.061964,50.064305,50.062518499999996,240,3225
2022-11-23 23:55:07.440000,50.062889,50.061811,50.06192,50.057796,50.061104,240,3225
2022-11-23 23:55:07.460000,50.062296,50.062301,50.061641,50.060964,50.061800500000004,240,3225
2022-11-23 23:55:07.480000,50.061773,50.062189,50.061618,50.06,50.061395000000005,240,3225
2022-11-23 23:55:07.500000,50.061422,50.062523,50.062238,50.065667,50.0629625,240,3225
2022-11-23 23:55:07.520000,50.061491,50.061805,50.062941,50.062314,50.062137750000005,240,3225
2022-11-23 23:55:07.540000,50.06173,50.060575,50.062952,50.065186,50.062610750000005,240,3225
2022-11-23 23:55:07.560000,50.061537,50.061148,50.063003,50.059305,50.06124825,240,3225
2022-11-23 23:55:07.580000,50.061422,50.063555,50.063547,50.065018,50.0633855,240,3225
2022-11-23 23:55:07.600000,50.062139,50.064496,50.063173,50.06639,50.064049499999996,240,3225
2022-11-23 23:55:07.620000,50.061902,50.063509,50.061442,50.059861,50.0616785,240,3225
2022-11-23 23:55:07.640000,50.061181,50.063162,50.060801,50.061639,50.06169575,240,3225
2022-11-23 23:55:07.660000,50.061218,50.062568,50.061635,50.06038,50.06145025,240,3225
2022-11-23 23:55:07.680000,50.061759,50.062986,50.063021,50.064713,50.06311975,240,3225
2022-11-23 23:55:07.700000,50.062931,50.064423,50.064936,50.067,50.064822500000005,240,3225
2022-11-23 23:55:07.720000,50.063519,50.06327,50.065921,50.062481,50.06379775,240,3225
2022-11-23 23:55:07.740000,50.063254,50.06123,50.065061,50.063103,50.063162000000005,240,3225
2022-11-23 23:55:07.760000,50.063156,50.061849,50.063839,50.061907,50.06268775,240,3225
2022-11-23 23:55:07.780000,50.064754,50.064212,50.064089,50.073157,50.066553,240,3225
2022-11-23 23:55:07.800000,50.066005,50.064276,50.064815,50.068509,50.06590125,240,3225
2022-11-23 23:55:07.820000,50.064783,50.062877,50.064105,50.061547,50.06332799999999,240,3225
2022-11-23 23:55:07.840000,50.063783,50.063676,50.062486,50.061513,50.062864499999996,240,3225
2022-11-23 23:55:07.860000,50.062981,50.064308,50.061292,50.057357,50.0614845,240,3225
2022-11-23 23:55:07.880000,50.062259,50.064819,50.061869,50.064037,50.06324599999999,240,3225
2022-11-23 23:55:07.900000,50.063917,50.064898,50.063549,50.068051,50.06510375,240,3225
2022-11-23 23:55:07.920000,50.065487,50.063375,50.064267,50.066375,50.064876,240,3225
2022-11-23 23:55:07.940000,50.064615,50.063342,50.06448,50.064051,50.064122000000005,240,3225
2022-11-23 23:55:07.960000,50.063759,50.064117,50.064508,50.065273,50.06441425,240,3225
2022-11-23 23:55:07.980000,50.064787,50.063964,50.06477,50.06487,50.064597750000004,240,3225
2022-11-23 23:55:08.000000,50.065393,50.063971,50.065904,50.065685,50.06523825,240,3225
2022-11-23 23:55:08.020000,50.064088,50.062657,50.066349,50.069722,50.065704,240,3225
2022-11-23 23:55:08.040000,50.063547,50.06239,50.065729,50.063033,50.06367475,240,3225
2022-11-23 23:55:08.060000,50.066154,50.065497,50.066306,50.07,50.06698925,240,3225
2022-11-23 23:55:08.080000,50.06686,50.064986,50.066086,50.066005,50.06598424999999,240,3225
2022-11-23 23:55:08.100000,50.063398,50.063211,50.064869,50.056255,50.06193325,240,3225
2022-11-23 23:55:08.120000,50.062737,50.065431,50.065408,50.06649,50.0650165,240,3225
2022-11-23 23:55:08.140000,50.065425,50.06676,50.066563,50.063505,50.06556325,240,3225
2022-11-23 23:55:08.160000,50.067788,50.067856,50.067714,50.073569,50.06923175,240,3225
2022-11-23 23:55:08.180000,50.068616,50.067418,50.068088,50.074199,50.069580249999994,240,3225
2022-11-23 23:55:08.200000,50.066612,50.064312,50.066214,50.060245,50.06434575,240,3225
2022-11-23 23:55:08.220000,50.065236,50.065861,50.065251,50.055999,50.06308675,240,3225
2022-11-23 23:55:08.240000,50.06606,50.067569,50.066089,50.070843,50.06764025,240,3225
2022-11-23 23:55:08.260000,50.066323,50.065578,50.066415,50.063025,50.065335250000004,240,3225
2022-11-23 23:55:08.280000,50.066422,50.065551,50.067077,50.065037,50.06602175,240,3225
2022-11-23 23:55:08.300000,50.066576,50.066769,50.06744,50.071625,50.068102499999995,240,3225
2022-11-23 23:55:08.320000,50.066732,50.066872,50.067176,50.064482,50.0663155,240,3225
2022-11-23 23:55:08.340000,50.066643,50.065824,50.066665,50.066919,50.06651275,240,3225
2022-11-23 23:55:08.360000,50.065578,50.064615,50.066197,50.054455,50.06271125,240,3225
2022-11-23 23:55:08.380000,50.065894,50.065517,50.066277,50.069737,50.06685625,240,3225
2022-11-23 23:55:08.400000,50.067283,50.066737,50.066356,50.0682,50.067144,240,3225
2022-11-23 23:55:08.420000,50.067852,50.06801,50.066372,50.066932,50.0672915,240,3225
2022-11-23 23:55:08.440000,50.068421,50.069295,50.066842,50.071243,50.06895025,240,3225
2022-11-23 23:55:08.460000,50.067403,50.065953,50.066034,50.068077,50.06686675,240,3225
2022-11-23 23:55:08.480000,50.064795,50.063454,50.065116,50.054414,50.06194475,240,3225
2022-11-23 23:55:08.500000,50.065611,50.067023,50.066802,50.064614,50.0660125,240,3225
2022-11-23 23:55:08.520000,50.068629,50.067644,50.068747,50.072735,50.069438749999996,240,3225
2022-11-23 23:55:08.540000,50.068889,50.065446,50.06897,50.068626,50.06798275,240,3225
2022-11-23 23:55:08.560000,50.06812,50.066833,50.068082,50.065424,50.06711475,240,3225
2022-11-23 23:55:08.580000,50.067653,50.067314,50.066592,50.064372,50.06648275,240,3225
2022-11-23 23:55:08.600000,50.066814,50.066739,50.065821,50.066203,50.06639425,240,3225
2022-11-23 23:55:08.620000,50.066755,50.067746,50.066302,50.070113,50.067729,240,3225
2022-11-23 23:55:08.640000,50.066376,50.0679,50.066647,50.066392,50.06682875,240,3225
2022-11-23 23:55:08.660000,50.06619,50.069927,50.067108,50.064296,50.06688025,240,3225
2022-11-23 23:55:08.680000,50.067823,50.072098,50.068023,50.070287,50.06955775,240,3225
2022-11-23 23:55:08.700000,50.06875,50.070518,50.068413,50.066794,50.06861875,240,3225
2022-11-23 23:55:08.720000,50.068608,50.068897,50.069017,50.071671,50.069548250000004,240,3225
2022-11-23 23:55:08.740000,50.068854,50.069064,50.069355,50.066252,50.068381249999995,240,3225
2022-11-23 23:55:08.760000,50.068954,50.069773,50.069137,50.073079,50.070235749999995,240,3225
2022-11-23 23:55:08.780000,50.068523,50.069959,50.068299,50.065001,50.0679455,240,3225
2022-11-23 23:55:08.800000,50.068616,50.06981,50.067202,50.067195,50.06820575,240,3225
2022-11-23 23:55:08.820000,50.069444,50.070314,50.067261,50.070542,50.06939025,240,3225
2022-11-23 23:55:08.840000,50.070065,50.070383,50.068261,50.073501,50.0705525,240,3225
2022-11-23 23:55:08.860000,50.068842,50.069583,50.069024,50.070675,50.069531,240,3225
2022-11-23 23:55:08.880000,50.067477,50.069297,50.068795,50.066548,50.068029249999995,240,3225
2022-11-23 23:55:08.900000,50.067792,50.068917,50.068551,50.071259,50.06912975,240,3225
2022-11-23 23:55:08.920000,50.069213,50.069357,50.06958,50.067624,50.068943499999996,240,3225
2022-11-23 23:55:08.940000,50.071042,50.071228,50.070325,50.072509,50.071276,240,3225
2022-11-23 23:55:08.960000,50.071848,50.071559,50.069738,50.068863,50.070502,240,3225
2022-11-23 23:55:08.980000,50.071619,50.071142,50.069537,50.07309,50.071347,240,3225
2022-11-23 23:55:09.000000,50.070791,50.071704,50.069923,50.070955,50.07084325,240,3225
2022-11-23 23:55:09.020000,50.070028,50.072821,50.070897,50.06945,50.07079900000001,240,3225
2022-11-23 23:55:09.040000,50.070467,50.072684,50.072016,50.07139,50.071639250000004,240,3225
2022-11-23 23:55:09.060000,50.071324,50.071081,50.072106,50.072916,50.071856749999995,240,3225
2022-11-23 23:55:09.080000,50.070982,50.071783,50.072099,50.070537,50.07135025,240,3225
2022-11-23 23:55:09.100000,50.071172,50.074395,50.072481,50.071666,50.0724285,240,3225
2022-11-23 23:55:09.120000,50.072538,50.074981,50.072192,50.076246,50.073989250000004,240,3225
2022-11-23 23:55:09.140000,50.072291,50.073143,50.071244,50.075009,50.07292175,240,3225
2022-11-23 23:55:09.160000,50.070948,50.073685,50.07168,50.066666,50.07074475,240,3225
2022-11-23 23:55:09.180000,50.071426,50.075565,50.07276,50.078056,50.07445175,240,3225
2022-11-23 23:55:09.200000,50.071876,50.074403,50.072635,50.069468,50.072095499999996,240,3225
2022-11-23 23:55:09.220000,50.072092,50.07332,50.073127,50.073875,50.0731035,240,3225
2022-11-23 23:55:09.240000,50.073565,50.072809,50.07403,50.077796,50.07455,240,3225
2022-11-23 23:55:09.260000,50.074889,50.073977,50.075327,50.073999,50.07454800000001,240,3225
2022-11-23 23:55:09.280000,50.07544,50.07553,50.076355,50.075274,50.075649750000004,240,3225
2022-11-23 23:55:09.300000,50.074457,50.072717,50.074864,50.074727,50.07419125,240,3225
2022-11-23 23:55:09.320000,50.073208,50.070948,50.072983,50.067237,50.071094,240,3225
2022-11-23 23:55:09.340000,50.073788,50.073,50.073539,50.076814,50.07428525,240,3225
2022-11-23 23:55:09.360000,50.07552,50.075403,50.075831,50.075398,50.075538,240,3225
2022-11-23 23:55:09.380000,50.077967,50.077477,50.078044,50.081787,50.078818749999996,240,3225
2022-11-23 23:55:09.400000,50.077652,50.075398,50.077607,50.077935,50.077148,240,3225
2022-11-23 23:55:09.420000,50.075199,50.073499,50.075566,50.067056,50.07283,240,3225
2022-11-23 23:55:09.440000,50.076033,50.075765,50.076234,50.077925,50.076489249999995,240,3225
2022-11-23 23:55:09.460000,50.077379,50.075811,50.077188,50.076454,50.076707999999996,240,3225
2022-11-23 23:55:09.480000,50.076759,50.07662,50.077439,50.075083,50.07647525,240,3225
2022-11-23 23:55:09.500000,50.077922,50.079971,50.078554,50.08238,50.07970675,240,3225
2022-11-23 23:55:09.520000,50.079486,50.078472,50.078518,50.08176,50.079559,240,3225
2022-11-23 23:55:09.540000,50.079162,50.076199,50.077945,50.074314,50.076905,240,3225
2022-11-23 23:55:09.560000,50.077898,50.076658,50.077905,50.079648,50.07802725,240,3225
2022-11-23 23:55:09.580000,50.077342,50.076406,50.0773,50.076528,50.076894,240,3225
2022-11-23 23:55:09.600000,50.078347,50.076644,50.077672,50.076454,50.077279250000004,240,3225
2022-11-23 23:55:09.620000,50.079718,50.078246,50.079506,50.078926,50.079099,240,3225
2022-11-23 23:55:09.640000,50.080269,50.079487,50.081099,50.083704,50.081139750000006,240,3225
2022-11-23 23:55:09.660000,50.080638,50.079343,50.081172,50.081527,50.08067,240,3225
2022-11-23 23:55:09.680000,50.080111,50.077875,50.07932,50.079593,50.079224749999995,240,3225
2022-11-23 23:55:09.700000,50.079352,50.077439,50.078372,50.078055,50.0783045,240,3225
2022-11-23 23:55:09.720000,50.080606,50.078644,50.079926,50.083601,50.08069424999999,240,3225
2022-11-23 23:55:09.740000,50.082186,50.078645,50.080549,50.07839,50.0799425,240,3225
2022-11-23 23:55:09.760000,50.08175,50.079213,50.080038,50.074556,50.07888925,240,3225
2022-11-23 23:55:09.780000,50.081401,50.081026,50.080967,50.081305,50.08117475,240,3225
2022-11-23 23:55:09.800000,50.082462,50.081422,50.083228,50.086444,50.083389,240,3225
2022-11-23 23:55:09.820000,50.083435,50.080713,50.084207,50.08062,50.08224375,240,3225
2022-11-23 23:55:09.840000,50.083403,50.080477,50.083807,50.084574,50.083065250000004,240,3225
2022-11-23 23:55:09.860000,50.083903,50.082024,50.084213,50.08401,50.0835375,240,3225
2022-11-23 23:55:09.880000,50.085403,50.083861,50.085282,50.084861,50.08485175,240,3225
2022-11-23 23:55:09.900000,50.085893,50.082342,50.084288,50.087102,50.08490625,240,3225
2022-11-23 23:55:09.920000,50.083806,50.079332,50.081198,50.074695,50.07975775,240,3225
2022-11-23 23:55:09.940000,50.08206,50.080566,50.080604,50.078648,50.08046949999999,240,3225
2022-11-23 23:55:09.960000,50.083624,50.082945,50.082249,50.085931,50.08368725,240,3225
2022-11-23 23:55:09.980000,50.085055,50.08311,50.083853,50.083606,50.083906,240,3225
2022-11-23 23:55:10.000000,50.085333,50.083902,50.085245,50.087677,50.08553925,240,3225
2022-11-23 23:55:10.020000,50.085464,50.083454,50.085442,50.089555,50.08597875,240,3225
2022-11-23 23:55:10.040000,50.085444,50.082056,50.08486,50.079282,50.082910500000004,240,3225
2022-11-23 23:55:10.060000,50.085523,50.083113,50.084649,50.086477,50.0849405,240,3225
2022-11-23 23:55:10.080000,50.084922,50.08401,50.084579,50.080491,50.0835005,240,3225
2022-11-23 23:55:10.100000,50.084421,50.084374,50.083811,50.083898,50.084126,240,3225
2022-11-23 23:55:10.120000,50.084272,50.08518,50.082556,50.085389,50.084349249999995,240,3225
2022-11-23 23:55:10.140000,50.083814,50.085292,50.082043,50.084717,50.0839665,240,3225
2022-11-23 23:55:10.160000,50.084285,50.086515,50.084105,50.086144,50.08526225,240,3225
2022-11-23 23:55:10.180000,50.086314,50.087772,50.08697,50.087685,50.08718525,240,3225
2022-11-23 23:55:10.200000,50.087808,50.087573,50.088126,50.090278,50.088446250000004,240,3225
2022-11-23 23:55:10.220000,50.087475,50.087918,50.088394,50.087861,50.087912,240,3225
2022-11-23 23:55:10.240000,50.087879,50.090037,50.089948,50.085954,50.0884545,240,3225
2022-11-23 23:55:10.260000,50.088866,50.088137,50.090341,50.096454,50.0909495,240,3225
2022-11-23 23:55:10.280000,50.086314,50.081945,50.086928,50.086102,50.085322250000004,240,3225
2022-11-23 23:55:10.300000,50.08419,50.083016,50.083992,50.07475,50.081486999999996,240,3225
2022-11-23 23:55:10.320000,50.086518,50.088189,50.084402,50.084407,50.085879,240,3225
2022-11-23 23:55:10.340000,50.08843,50.087274,50.084926,50.092592,50.0883055,240,3225
2022-11-23 23:55:10.360000,50.087427,50.085746,50.085206,50.081833,50.085053,240,3225
2022-11-23 23:55:10.380000,50.087619,50.088457,50.087605,50.090315,50.088499,240,3225
2022-11-23 23:55:10.400000,50.088764,50.089519,50.090549,50.091185,50.09000425,240,3225
2022-11-23 23:55:10.420000,50.087733,50.086515,50.090205,50.094454,50.08972675,240,3225
2022-11-23 23:55:10.440000,50.086059,50.085979,50.088627,50.077,50.084416250000004,240,3225
2022-11-23 23:55:10.460000,50.087688,50.090831,50.088607,50.085509,50.08815875,240,3225
2022-11-23 23:55:10.480000,50.089692,50.091583,50.08828,50.095194,50.09118725,240,3225
2022-11-23 23:55:10.500000,50.088752,50.088842,50.087492,50.086936,50.0880055,240,3225
2022-11-23 23:55:10.520000,50.088431,50.089169,50.088386,50.087712,50.0884245,240,3225
2022-11-23 23:55:10.540000,50.088823,50.08952,50.088685,50.090195,50.089305749999994,240,3225
2022-11-23 23:55:10.560000,50.087801,50.089981,50.088262,50.084315,50.08758975000001,240,3225
2022-11-23 23:55:10.580000,50.08757,50.093078,50.089436,50.091518,50.0904005,240,3225
2022-11-23 23:55:10.600000,50.089819,50.094561,50.091296,50.095009,50.09267125,240,3225
2022-11-23 23:55:10.620000,50.091803,50.092199,50.091438,50.095759,50.09279975,240,3225
2022-11-23 23:55:10.640000,50.09212,50.091601,50.091267,50.086685,50.09041825,240,3225
2022-11-23 23:55:10.660000,50.091829,50.091726,50.091323,50.098407,50.09332125,240,3225
2022-11-23 23:55:10.680000,50.089998,50.089249,50.089665,50.087871,50.08919575,240,3225
2022-11-23 23:55:10.700000,50.089631,50.091465,50.089609,50.081944,50.088162249999996,240,3225
2022-11-23 23:55:10.720000,50.091633,50.094583,50.091385,50.097537,50.0937845,240,3225
2022-11-23 23:55:10.740000,50.091902,50.092565,50.091568,50.08812,50.09103875,240,3225
2022-11-23 23:55:10.760000,50.091274,50.090532,50.09163,50.093241,50.09166925,240,3225
2022-11-23 23:55:10.780000,50.091732,50.090137,50.091737,50.09038,50.0909965,240,3225
2022-11-23 23:55:10.800000,50.092342,50.090621,50.09242,50.094741,50.092531,240,3225
2022-11-23 23:55:10.820000,50.092454,50.092224,50.093402,50.090722,50.0922005,240,3225
2022-11-23 23:55:10.840000,50.093921,50.095888,50.095302,50.090397,50.093877,240,3225
2022-11-23 23:55:10.860000,50.096523,50.09739,50.097348,50.105565,50.099206499999994,240,3225
2022-11-23 23:55:10.880000,50.095931,50.092975,50.096207,50.099389,50.0961255,240,3225
2022-11-23 23:55:10.900000,50.093676,50.090794,50.093387,50.087518,50.09134375000001,240,3225
2022-11-23 23:55:10.920000,50.094915,50.094923,50.09355,50.088241,50.092907249999996,240,3225
2022-11-23 23:55:10.940000,50.097185,50.097843,50.094876,50.106333,50.09905925,240,3225
2022-11-23 23:55:10.960000,50.096775,50.096219,50.093673,50.095129,50.095449,240,3225
2022-11-23 23:55:10.980000,50.096296,50.095622,50.093022,50.089667,50.09365175,240,3225
2022-11-23 23:55:11.000000,50.096313,50.09638,50.094515,50.096222,50.09585750000001,240,3225
2022-11-23 23:55:11.020000,50.096051,50.09636,50.096093,50.096833,50.09633425,240,3225
2022-11-23 23:55:11.040000,50.09701,50.096237,50.097718,50.094667,50.096408,240,3225
2022-11-23 23:55:11.060000,50.09807,50.098065,50.098933,50.098241,50.098327250000004,240,3225
2022-11-23 23:55:11.080000,50.098254,50.100774,50.10002,50.099564,50.099653,240,3225
2022-11-23 23:55:11.100000,50.099008,50.10059,50.101096,50.105296,50.1014975,240,3225
2022-11-23 23:55:11.120000,50.09924,50.098373,50.101382,50.100259,50.099813499999996,240,3225
2022-11-23 23:55:11.140000,50.098778,50.09866,50.100829,50.098296,50.099140750000004,240,3225
2022-11-23 23:55:11.160000,50.098593,50.100263,50.10005,50.099926,50.09970800000001,240,3225
2022-11-23 23:55:11.180000,50.099245,50.10108,50.100023,50.101611,50.10048975,240,3225
2022-11-23 23:55:11.200000,50.1005,50.101475,50.100257,50.102223,50.10111375,240,3225
2022-11-23 23:55:11.220000,50.101727,50.101071,50.100422,50.101861,50.10127025,240,3225
2022-11-23 23:55:11.240000,50.102381,50.100238,50.101268,50.101463,50.1013375,240,3225
2022-11-23 23:55:11.260000,50.102532,50.100478,50.102463,50.102259,50.101933,240,3225
2022-11-23 23:55:11.280000,50.102907,50.101466,50.103379,50.101973,50.102431249999995,240,3225
2022-11-23 23:55:11.300000,50.103134,50.102286,50.103452,50.103389,50.10306525,240,3225
2022-11-23 23:55:11.320000,50.102727,50.103187,50.103126,50.102278,50.1028295,240,3225
2022-11-23 23:55:11.340000,50.103696,50.103777,50.103259,50.104259,50.10374775,240,3225
2022-11-23 23:55:11.360000,50.105265,50.103847,50.103725,50.1035,50.10408425,240,3225
2022-11-23 23:55:11.380000,50.104862,50.103919,50.104229,50.104,50.1042525,240,3225
2022-11-23 23:55:11.400000,50.104098,50.103935,50.104874,50.104629,50.104383999999996,240,3225
2022-11-23 23:55:11.420000,50.104407,50.104926,50.105566,50.10525,50.105037249999995,240,3225
2022-11-23 23:55:11.440000,50.105301,50.106467,50.10625,50.10575,50.105942,240,3225
2022-11-23 23:55:11.460000,50.106667,50.106903,50.106777,50.106787,50.1067835,240,3225
2022-11-23 23:55:11.480000,50.107763,50.106621,50.10709,50.108166,50.10741,240,3225
2022-11-23 23:55:11.500000,50.107847,50.106722,50.107611,50.10713,50.1073275,240,3225
2022-11-23 23:55:11.520000,50.107671,50.10788,50.108165,50.107926,50.107910499999996,240,3225
2022-11-23 23:55:11.540000,50.107884,50.109278,50.107942,50.107565,50.10816725,240,3225
2022-11-23 23:55:11.560000,50.108052,50.109406,50.107401,50.108324,50.10829575,240,3225
2022-11-23 23:55:11.580000,50.108361,50.108889,50.107908,50.107259,50.108104250000004,240,3225
2022-11-23 23:55:11.600000,50.109167,50.108454,50.109225,50.108639,50.10887125000001,240,3225
2022-11-23 23:55:11.620000,50.110065,50.108037,50.110396,50.109824,50.1095805,240,3225
2022-11-23 23:55:11.640000,50.110695,50.108398,50.111116,50.110037,50.1100615,240,3225
2022-11-23 23:55:11.660000,50.111013,50.109903,50.11066,50.110806,50.1105955,240,3225
2022-11-23 23:55:11.680000,50.110324,50.111569,50.110269,50.11,50.1105405,240,3225
2022-11-23 23:55:11.700000,50.110153,50.112092,50.110658,50.111408,50.11107774999999,240,3225
2022-11-23 23:55:11.720000,50.111723,50.111533,50.11156,50.112019,50.11170875,240,3225
2022-11-23 23:55:11.740000,50.112481,50.111755,50.112403,50.11324,50.112469749999995,240,3225
2022-11-23 23:55:11.760000,50.112291,50.113361,50.112974,50.114575,50.11330025,240,3225
2022-11-23 23:55:11.780000,50.113324,50.114523,50.11378,50.113926,50.113888249999995,240,3225
2022-11-23 23:55:11.800000,50.114588,50.11445,50.114297,50.113305,50.11416,240,3225
2022-11-23 23:55:11.820000,50.114639,50.113746,50.114297,50.114015,50.11417425,240,3225
2022-11-23 23:55:11.840000,50.115014,50.113466,50.114318,50.113338,50.114034000000004,240,3225
2022-11-23 23:55:11.860000,50.115587,50.114148,50.114585,50.115171,50.11487275,240,3225
2022-11-23 23:55:11.880000,50.115014,50.115037,50.114961,50.116246,50.1153145,240,3225
2022-11-23 23:55:11.900000,50.115185,50.116292,50.115154,50.115523,50.1155385,240,3225
2022-11-23 23:55:11.920000,50.116861,50.117181,50.115556,50.115727,50.11633125,240,3225
2022-11-23 23:55:11.940000,50.117606,50.11718,50.116444,50.117329,50.11713974999999,240,3225
2022-11-23 23:55:11.960000,50.117426,50.116829,50.117461,50.117111,50.11720675,240,3225
2022-11-23 23:55:11.980000,50.117709,50.116912,50.11735,50.117764,50.11743375,240,3225
2022-11-23 23:55:12.000000,50.118672,50.117389,50.11743,50.118213,50.117926000000004,240,3225
2022-11-23 23:55:12.020000,50.11937,50.118135,50.118704,50.119713,50.1189805,240,3225
2022-11-23 23:55:12.040000,50.119449,50.119153,50.119688,50.119023,50.11932825,240,3225
2022-11-23 23:55:12.060000,50.119398,50.120259,50.120623,50.119583,50.11996575,240,3225
2022-11-23 23:55:12.080000,50.119356,50.120093,50.12112,50.120117,50.1201715,240,3225
2022-11-23 23:55:12.100000,50.119552,50.119477,50.121412,50.118771,50.119803000000005,240,3225
2022-11-23 23:55:12.120000,50.120339,50.11975,50.121682,50.119996,50.12044175,240,3225
2022-11-23 23:55:12.140000,50.121643,50.120851,50.121278,50.121967,50.12143474999999,240,3225
2022-11-23 23:55:12.160000,50.122032,50.121769,50.121545,50.121354,50.121674999999996,240,3225
2022-11-23 23:55:12.180000,50.121366,50.121431,50.121288,50.122378,50.12161575,240,3225
2022-11-23 23:55:12.200000,50.121787,50.12013,50.121045,50.122763,50.12143125,240,3225
2022-11-23 23:55:12.220000,50.123417,50.120272,50.122156,50.12141,50.12181375,240,3225
2022-11-23 23:55:12.240000,50.123653,50.122078,50.123268,50.123876,50.12321875,240,3225
2022-11-23 23:55:12.260000,50.122954,50.12375,50.123543,50.123731,50.1234945,240,3225
2022-11-23 23:55:12.280000,50.123935,50.124773,50.123987,50.123492,50.12404675,240,3225
2022-11-23 23:55:12.300000,50.125588,50.125065,50.124956,50.124033,50.1249105,240,3225
2022-11-23 23:55:12.320000,50.126217,50.124505,50.125823,50.12499,50.12538375,240,3225
2022-11-23 23:55:12.340000,50.126074,50.124133,50.126063,50.125019,50.12532225,240,3225
2022-11-23 23:55:12.360000,50.125746,50.124713,50.126162,50.125386,50.12550175,240,3225
2022-11-23 23:55:12.380000,50.126121,50.125626,50.126464,50.125157,50.125842,240,3225
2022-11-23 23:55:12.400000,50.12717,50.126435,50.127066,50.126407,50.1267695,240,3225
2022-11-23 23:55:12.420000,50.127383,50.126375,50.127119,50.128035,50.127228,240,3225
2022-11-23 23:55:12.440000,50.127624,50.125815,50.126953,50.127525,50.12697925,240,3225
2022-11-23 23:55:12.460000,50.127912,50.126088,50.127521,50.128567,50.127522000000006,240,3225
2022-11-23 23:55:12.480000,50.127593,50.127236,50.128577,50.128651,50.12801425,240,3225
2022-11-23 23:55:12.500000,50.127162,50.128625,50.129373,50.128021,50.128295249999994,240,3225
2022-11-23 23:55:12.520000,50.127825,50.128801,50.129394,50.128495,50.128628750000004,240,3225
2022-11-23 23:55:12.540000,50.128694,50.12826,50.129247,50.128194,50.12859875,240,3225
2022-11-23 23:55:12.560000,50.129052,50.128052,50.12939,50.127644,50.1285345,240,3225
2022-11-23 23:55:12.580000,50.129912,50.128291,50.129563,50.12956,50.1293315,240,3225
2022-11-23 23:55:12.600000,50.130329,50.129078,50.129734,50.129991,50.129782999999996,240,3225
2022-11-23 23:55:12.620000,50.129907,50.130263,50.129169,50.130291,50.1299075,240,3225
2022-11-23 23:55:12.640000,50.130334,50.131143,50.129147,50.12919,50.1299535,240,3225
2022-11-23 23:55:12.660000,50.131005,50.130986,50.130613,50.132745,50.13133725,240,3225
2022-11-23 23:55:12.680000,50.131052,50.130537,50.132486,50.132125,50.13155,240,3225
2022-11-23 23:55:12.700000,50.131393,50.131014,50.133327,50.132894,50.132157,240,3225
2022-11-23 23:55:12.720000,50.132121,50.131653,50.132772,50.132926,50.132368,240,3225
2022-11-23 23:55:12.740000,50.13306,50.13243,50.132241,50.131361,50.132273,240,3225
2022-11-23 23:55:12.760000,50.133337,50.13338,50.13223,50.131546,50.132623249999995,240,3225
2022-11-23 23:55:12.780000,50.132815,50.133208,50.132366,50.133055,50.132861000000005,240,3225
2022-11-23 23:55:12.800000,50.132125,50.132347,50.132315,50.132056,50.132210750000006,240,3225
2022-11-23 23:55:12.820000,50.132091,50.132597,50.132608,50.131685,50.132245250000004,240,3225
2022-11-23 23:55:12.840000,50.133033,50.133227,50.133508,50.134491,50.13356475,240,3225
2022-11-23 23:55:12.860000,50.133783,50.133435,50.134328,50.134111,50.13391425,240,3225
2022-11-23 23:55:12.880000,50.133815,50.133949,50.134449,50.133528,50.13393524999999,240,3225
2022-11-23 23:55:12.900000,50.13474,50.135056,50.134105,50.134369,50.134567499999996,240,3225
2022-11-23 23:55:12.920000,50.135638,50.136889,50.134154,50.13388,50.13514025,240,3225
2022-11-23 23:55:12.940000,50.135389,50.137936,50.134295,50.134621,50.135560250000005,240,3225
2022-11-23 23:55:12.960000,50.135001,50.13711,50.134697,50.134499,50.135326750000004,240,3225
2022-11-23 23:55:12.980000,50.135653,50.136435,50.135744,50.135371,50.135800749999994,240,3225
2022-11-23 23:55:13.000000,50.136449,50.136121,50.136227,50.135167,50.135991,240,3225
2022-11-23 23:55:13.020000,50.137111,50.135811,50.135984,50.135092,50.1359995,240,3225
2022-11-23 23:55:13.040000,50.137694,50.136389,50.135924,50.136694,50.13667525,240,3225
2022-11-23 23:55:13.060000,50.137764,50.136935,50.136507,50.136926,50.137033,240,3225
2022-11-23 23:55:13.080000,50.136829,50.136611,50.136803,50.136778,50.13675524999999,240,3225
2022-11-23 23:55:13.100000,50.136341,50.136315,50.136273,50.137009,50.1364845,240,3225
2022-11-23 23:55:13.120000,50.136806,50.136809,50.136584,50.137936,50.13703375,240,3225
2022-11-23 23:55:13.140000,50.137581,50.137737,50.136931,50.13787,50.13752975,240,3225
2022-11-23 23:55:13.160000,50.137855,50.138027,50.13676,50.137407,50.13751225,240,3225
2022-11-23 23:55:13.180000,50.138205,50.137755,50.1374,50.136778,50.1375345,240,3225
2022-11-23 23:55:13.200000,50.138915,50.138287,50.13896,50.138139,50.138575249999995,240,3225
2022-11-23 23:55:13.220000,50.138993,50.139662,50.140818,50.139065,50.1396345,240,3225
2022-11-23 23:55:13.240000,50.13918,50.13999,50.141223,50.138481,50.1397185,240,3225
2022-11-23 23:55:13.260000,50.139924,50.139861,50.140881,50.140038,50.140176000000004,240,3225
2022-11-23 23:55:13.280000,50.140256,50.140116,50.140676,50.140379,50.140356749999995,240,3225
2022-11-23 23:55:13.300000,50.140187,50.140413,50.139962,50.141398,50.14049,240,3225
2022-11-23 23:55:13.320000,50.140223,50.1403,50.139244,50.139944,50.13992775,240,3225
2022-11-23 23:55:13.340000,50.140492,50.140166,50.138745,50.1395,50.13972575,240,3225
2022-11-23 23:55:13.360000,50.140393,50.140028,50.138935,50.141222,50.1401445,240,3225
2022-11-23 23:55:13.380000,50.14075,50.139797,50.139578,50.139546,50.139917749999995,240,3225
2022-11-23 23:55:13.400000,50.141461,50.139851,50.140502,50.139324,50.14028449999999,240,3225
2022-11-23 23:55:13.420000,50.141696,50.140509,50.141493,50.141796,50.1413735,240,3225
2022-11-23 23:55:13.440000,50.141942,50.141732,50.141789,50.141167,50.141657499999994,240,3225
2022-11-23 23:55:13.460000,50.142247,50.142806,50.14188,50.141481,50.142103500000005,240,3225
2022-11-23 23:55:13.480000,50.141703,50.142504,50.141791,50.142379,50.14209425,240,3225
2022-11-23 23:55:13.500000,50.141064,50.141698,50.142093,50.142278,50.141783249999996,240,3225
2022-11-23 23:55:13.520000,50.14174,50.141037,50.142574,50.141921,50.141818,240,3225
2022-11-23 23:55:13.540000,50.142601,50.141117,50.14252,50.142764,50.142250499999996,240,3225
2022-11-23 23:55:13.560000,50.143042,50.142454,50.142375,50.144019,50.1429725,240,3225
2022-11-23 23:55:13.580000,50.142797,50.143745,50.142315,50.142731,50.142897,240,3225
2022-11-23 23:55:13.600000,50.14275,50.144381,50.143222,50.142713,50.143266499999996,240,3225
2022-11-23 23:55:13.620000,50.143037,50.144356,50.144145,50.142843,50.143595250000004,240,3225
2022-11-23 23:55:13.640000,50.142899,50.143861,50.143992,50.143139,50.143472749999994,240,3225
2022-11-23 23:55:13.660000,50.14263,50.144403,50.143777,50.143065,50.143468750000004,240,3225
2022-11-23 23:55:13.680000,50.143051,50.145358,50.143685,50.145481,50.14439375,240,3225
2022-11-23 23:55:13.700000,50.144078,50.144652,50.144337,50.145491,50.1446395,240,3225
2022-11-23 23:55:13.720000,50.144276,50.144051,50.145259,50.143546,50.144283,240,3225
2022-11-23 23:55:13.740000,50.144305,50.144922,50.14563,50.146834,50.14542275000001,240,3225
2022-11-23 23:55:13.760000,50.14469,50.145196,50.14561,50.14488,50.145094,240,3225
2022-11-23 23:55:13.780000,50.144486,50.143918,50.144961,50.143611,50.144244,240,3225
2022-11-23 23:55:13.800000,50.144444,50.142756,50.144477,50.145204,50.144220250000004,240,3225
2022-11-23 23:55:13.820000,50.145495,50.144243,50.144521,50.143703,50.1444905,240,3225
2022-11-23 23:55:13.840000,50.145704,50.147047,50.145308,50.145796,50.14596375,240,3225
2022-11-23 23:55:13.860000,50.145097,50.1475,50.146025,50.147731,50.14658825,240,3225
2022-11-23 23:55:13.880000,50.144866,50.14617,50.145878,50.145171,50.14552125,240,3225
2022-11-23 23:55:13.900000,50.145658,50.14608,50.146256,50.146264,50.1460645,240,3225
2022-11-23 23:55:13.920000,50.146764,50.146939,50.14759,50.147093,50.1470965,240,3225
2022-11-23 23:55:13.940000,50.147018,50.147154,50.148393,50.147204,50.14744225,240,3225
2022-11-23 23:55:13.960000,50.146927,50.14719,50.147827,50.147056,50.14725,240,3225
2022-11-23 23:55:13.980000,50.147289,50.147606,50.146551,50.14613,50.146893999999996,240,3225
2022-11-23 23:55:14.000000,50.148116,50.148181,50.146268,50.146704,50.14731725,240,3225
2022-11-23 23:55:14.020000,50.1483,50.148556,50.146577,50.147314,50.14768675,240,3225
2022-11-23 23:55:14.040000,50.148501,50.148181,50.14659,50.146964,50.147559,240,3225
2022-11-23 23:55:14.060000,50.148352,50.147861,50.146029,50.14774,50.1474955,240,3225
2022-11-23 23:55:14.080000,50.147477,50.148444,50.146117,50.148769,50.147701749999996,240,3225
2022-11-23 23:55:14.100000,50.147977,50.149102,50.147534,50.148759,50.148343,240,3225
2022-11-23 23:55:14.120000,50.149416,50.148143,50.148319,50.149296,50.1487935,240,3225
2022-11-23 23:55:14.140000,50.149352,50.146852,50.148907,50.148176,50.14832175,240,3225
2022-11-23 23:55:14.160000,50.14857,50.146968,50.149475,50.147815,50.148207,240,3225
2022-11-23 23:55:14.180000,50.149153,50.148481,50.149702,50.148093,50.14885724999999,240,3225
2022-11-23 23:55:14.200000,50.149541,50.149908,50.150363,50.148888,50.149675,240,3225
2022-11-23 23:55:14.220000,50.148773,50.149625,50.150208,50.149445,50.14951275,240,3225
2022-11-23 23:55:14.240000,50.150023,50.149356,50.150016,50.149926,50.149830249999994,240,3225
2022-11-23 23:55:14.260000,50.151736,50.150463,50.15045,50.150416,50.150766250000004,240,3225
2022-11-23 23:55:14.280000,50.151259,50.150792,50.150215,50.151857,50.151030750000004,240,3225
2022-11-23 23:55:14.300000,50.150551,50.15014,50.150236,50.150977,50.150476,240,3225
2022-11-23 23:55:14.320000,50.150583,50.14994,50.150432,50.149856,50.15020275,240,3225
2022-11-23 23:55:14.340000,50.150838,50.150005,50.150754,50.148759,50.150088999999994,240,3225
2022-11-23 23:55:14.360000,50.15125,50.15049,50.151299,50.151079,50.1510295,240,3225
2022-11-23 23:55:14.380000,50.151671,50.150898,50.151474,50.15156,50.15140075000001,240,3225
2022-11-23 23:55:14.400000,50.152204,50.15143,50.151253,50.151778,50.15166625,240,3225
2022-11-23 23:55:14.420000,50.15287,50.152495,50.151177,50.151551,50.15202325,240,3225
2022-11-23 23:55:14.440000,50.152408,50.152621,50.15187,50.152616,50.152378750000004,240,3225
2022-11-23 23:55:14.460000,50.151403,50.151829,50.152239,50.151096,50.15164175,240,3225
2022-11-23 23:55:14.480000,50.151458,50.151749,50.152429,50.152394,50.152007499999996,240,3225
2022-11-23 23:55:14.500000,50.15193,50.152185,50.152847,50.152343,50.15232625,240,3225
2022-11-23 23:55:14.520000,50.152533,50.152403,50.152778,50.153345,50.15276475,240,3225
2022-11-23 23:55:14.540000,50.153264,50.15244,50.152511,50.152361,50.152643999999995,240,3225
2022-11-23 23:55:14.560000,50.153263,50.15294,50.152376,50.150684,50.15231575,240,3225
2022-11-23 23:55:14.580000,50.152398,50.152921,50.152442,50.152933,50.1526735,240,3225
2022-11-23 23:55:14.600000,50.151953,50.152704,50.152748,50.153738,50.15278575,240,3225
2022-11-23 23:55:14.620000,50.151931,50.153356,50.1525,50.153902,50.15292225,240,3225
2022-11-23 23:55:14.640000,50.151537,50.154671,50.152412,50.153884,50.153126,240,3225
2022-11-23 23:55:14.660000,50.151968,50.155148,50.152839,50.154027,50.15349549999999,240,3225
2022-11-23 23:55:14.680000,50.153176,50.154634,50.153575,50.154422,50.153951750000004,240,3225
2022-11-23 23:55:14.700000,50.154194,50.153958,50.153892,50.153772,50.153954,240,3225
2022-11-23 23:55:14.720000,50.154429,50.153194,50.153403,50.153048,50.153518500000004,240,3225
2022-11-23 23:55:14.740000,50.153365,50.153061,50.153225,50.153611,50.153315500000005,240,3225
2022-11-23 23:55:14.760000,50.152126,50.154283,50.153772,50.152927,50.153277,240,3225
2022-11-23 23:55:14.780000,50.152659,50.154977,50.154752,50.153619,50.15400175,240,3225
2022-11-23 23:55:14.800000,50.154073,50.154356,50.155368,50.155117,50.1547285,240,3225
2022-11-23 23:55:14.820000,50.154592,50.154305,50.155158,50.156388,50.15511075,240,3225
2022-11-23 23:55:14.840000,50.155028,50.154824,50.155277,50.155153,50.155070499999994,240,3225
2022-11-23 23:55:14.860000,50.155514,50.155171,50.155651,50.154977,50.155328250000004,240,3225
2022-11-23 23:55:14.880000,50.155047,50.155598,50.155882,50.155546,50.15551825,240,3225
2022-11-23 23:55:14.900000,50.153935,50.156107,50.156064,50.156019,50.155531249999996,240,3225
2022-11-23 23:55:14.920000,50.154356,50.155927,50.155901,50.15538,50.155391,240,3225
2022-11-23 23:55:14.940000,50.156607,50.155398,50.155731,50.155422,50.1557895,240,3225
2022-11-23 23:55:14.960000,50.158259,50.156056,50.156114,50.156518,50.15673675,240,3225
2022-11-23 23:55:14.980000,50.158153,50.157537,50.156516,50.157402,50.157402,240,3225
2022-11-23 23:55:15.000000,50.157079,50.158189,50.156406,50.156644,50.1570795,240,3225
2022-11-23 23:55:15.020000,50.156217,50.157903,50.15622,50.157204,50.156886,240,3225
2022-11-23 23:55:15.040000,50.155966,50.157296,50.156867,50.157102,50.156807750000006,240,3225
2022-11-23 23:55:15.060000,50.156235,50.157009,50.157173,50.15775,50.15704175,240,3225
2022-11-23 23:55:15.080000,50.156737,50.157385,50.156887,50.155833,50.156710499999996,240,3225
2022-11-23 23:55:15.100000,50.157366,50.157639,50.156244,50.156723,50.156993,240,3225
2022-11-23 23:55:15.120000,50.157869,50.157353,50.155979,50.157342,50.15713575,240,3225
2022-11-23 23:55:15.140000,50.158218,50.15712,50.156976,50.15738,50.15742349999999,240,3225
2022-11-23 23:55:15.160000,50.158292,50.157176,50.157683,50.157167,50.1575795,240,3225
2022-11-23 23:55:15.180000,50.158112,50.157597,50.157655,50.159787,50.15828775,240,3225
2022-11-23 23:55:15.200000,50.158717,50.15818,50.157918,50.158046,50.15821525,240,3225
2022-11-23 23:55:15.220000,50.159541,50.158421,50.158387,50.159149,50.158874499999996,240,3225
2022-11-23 23:55:15.240000,50.158495,50.158931,50.15926,50.158204,50.15872250000001,240,3225
2022-11-23 23:55:15.260000,50.158047,50.160097,50.160291,50.158333,50.159192,240,3225
2022-11-23 23:55:15.280000,50.15977,50.159995,50.160277,50.157908,50.1594875,240,3225
2022-11-23 23:55:15.300000,50.160455,50.158459,50.15951,50.158426,50.1592125,240,3225
2022-11-23 23:55:15.320000,50.15968,50.157607,50.159023,50.158824,50.1587835,240,3225
2022-11-23 23:55:15.340000,50.159598,50.158268,50.159247,50.160398,50.159377750000004,240,3225
2022-11-23 23:55:15.360000,50.159226,50.159565,50.15977,50.15988,50.15961025,240,3225
2022-11-23 23:55:15.380000,50.159233,50.160706,50.160307,50.159972,50.16005450000001,240,3225
2022-11-23 23:55:15.400000,50.160791,50.160858,50.161014,50.1605,50.160790750000004,240,3225
2022-11-23 23:55:15.420000,50.161688,50.160393,50.160966,50.159185,50.160558,240,3225
2022-11-23 23:55:15.440000,50.160942,50.160368,50.160124,50.158797,50.16005775,240,3225
2022-11-23 23:55:15.460000,50.160623,50.161128,50.159618,50.159111,50.16012,240,3225
2022-11-23 23:55:15.480000,50.160686,50.161876,50.160672,50.160222,50.160864000000004,240,3225
2022-11-23 23:55:15.500000,50.16074,50.162116,50.16187,50.161482,50.161552,240,3225
2022-11-23 23:55:15.520000,50.160843,50.161685,50.16183,50.162648,50.1617515,240,3225
2022-11-23 23:55:15.540000,50.160618,50.161281,50.161696,50.161843,50.1613595,240,3225
2022-11-23 23:55:15.560000,50.160569,50.161153,50.161565,50.161083,50.161092499999995,240,3225
2022-11-23 23:55:15.580000,50.160988,50.161194,50.161636,50.161375,50.161298249999994,240,3225
2022-11-23 23:55:15.600000,50.161486,50.161573,50.161123,50.161098,50.16132,240,3225
2022-11-23 23:55:15.620000,50.161419,50.16255,50.160477,50.160593,50.16125975,240,3225
2022-11-23 23:55:15.640000,50.161704,50.162774,50.161351,50.160944,50.16169325,240,3225
2022-11-23 23:55:15.660000,50.162084,50.162084,50.162431,50.16288,50.16236975,240,3225
2022-11-23 23:55:15.680000,50.162205,50.161699,50.162543,50.163324,50.16244275,240,3225
2022-11-23 23:55:15.700000,50.162162,50.162176,50.162465,50.162667,50.1623675,240,3225
2022-11-23 23:55:15.720000,50.16218,50.16282,50.162899,50.163795,50.1629235,240,3225
2022-11-23 23:55:15.740000,50.16207,50.163658,50.163507,50.163417,50.163163000000004,240,3225
2022-11-23 23:55:15.760000,50.162616,50.16379,50.163657,50.163222,50.163321249999996,240,3225
2022-11-23 23:55:15.780000,50.163069,50.163155,50.163602,50.162898,50.163180999999994,240,3225
2022-11-23 23:55:15.800000,50.163246,50.162672,50.16322,50.163648,50.1631965,240,3225
2022-11-23 23:55:15.820000,50.163226,50.162692,50.163063,50.162991,50.162993,240,3225
2022-11-23 23:55:15.840000,50.162986,50.163416,50.163383,50.162824,50.16315225,240,3225
2022-11-23 23:55:15.860000,50.162593,50.163569,50.162795,50.16512,50.16351925000001,240,3225
2022-11-23 23:55:15.880000,50.162737,50.163163,50.162597,50.164426,50.16323075,240,3225
2022-11-23 23:55:15.900000,50.164107,50.162966,50.163287,50.163824,50.163546000000004,240,3225
2022-11-23 23:55:15.920000,50.165926,50.163001,50.164093,50.164315,50.16433375,240,3225
2022-11-23 23:55:15.940000,50.166519,50.163184,50.164497,50.164231,50.164607749999995,240,3225
2022-11-23 23:55:15.960000,50.166505,50.164146,50.164417,50.164231,50.16482475,240,3225
2022-11-23 23:55:15.980000,50.166324,50.165622,50.164292,50.163621,50.16496475,240,3225
2022-11-23 23:55:16.000000,50.165579,50.165611,50.164661,50.164657,50.165127,240,3225
2022-11-23 23:55:16.020000,50.165264,50.163817,50.16512,50.164982,50.16479575,240,3225
2022-11-23 23:55:16.040000,50.165366,50.162608,50.165422,50.165,50.164598999999995,240,3225
2022-11-23 23:55:16.060000,50.165087,50.163767,50.165264,50.166379,50.165124250000005,240,3225
2022-11-23 23:55:16.080000,50.165371,50.165448,50.16544,50.165723,50.16549549999999,240,3225
2022-11-23 23:55:16.100000,50.166218,50.165131,50.165549,50.164611,50.16537725,240,3225
2022-11-23 23:55:16.120000,50.165908,50.163894,50.164844,50.16487,50.164879,240,3225
2022-11-23 23:55:16.140000,50.164893,50.164343,50.164378,50.164936,50.1646375,240,3225
2022-11-23 23:55:16.160000,50.164754,50.165694,50.165154,50.165713,50.16532875,240,3225
2022-11-23 23:55:16.180000,50.165319,50.165796,50.165598,50.166843,50.165889,240,3225
2022-11-23 23:55:16.200000,50.166365,50.165398,50.165222,50.16749,50.166118749999995,240,3225
2022-11-23 23:55:16.220000,50.167625,50.165107,50.165168,50.167352,50.166312999999995,240,3225
2022-11-23 23:55:16.240000,50.168273,50.16514,50.165836,50.166694,50.16648575000001,240,3225
2022-11-23 23:55:16.260000,50.168055,50.165338,50.166615,50.166,50.166502,240,3225
2022-11-23 23:55:16.280000,50.1672,50.165073,50.167684,50.165972,50.16648225,240,3225
2022-11-23 23:55:16.300000,50.16687,50.16455,50.168443,50.16563,50.16637325,240,3225
2022-11-23 23:55:16.320000,50.167208,50.165338,50.167491,50.167,50.166759250000005,240,3225
2022-11-23 23:55:16.340000,50.167073,50.167153,50.166845,50.167166,50.16705925,240,3225
2022-11-23 23:55:16.360000,50.1673,50.167009,50.167633,50.166306,50.167061999999994,240,3225
2022-11-23 23:55:16.380000,50.168495,50.164959,50.168582,50.167875,50.16747775,240,3225
2022-11-23 23:55:16.400000,50.168708,50.164709,50.168724,50.167921,50.1675155,240,3225
2022-11-23 23:55:16.420000,50.167912,50.166357,50.168262,50.168463,50.1677485,240,3225
2022-11-23 23:55:16.440000,50.167982,50.16762,50.167742,50.167783,50.16778175,240,3225
2022-11-23 23:55:16.460000,50.168514,50.167194,50.167591,50.167513,50.167703,240,3225
2022-11-23 23:55:16.480000,50.167898,50.166422,50.16734,50.167218,50.167219499999995,240,3225
2022-11-23 23:55:16.500000,50.167644,50.166689,50.167404,50.166805,50.1671355,240,3225
2022-11-23 23:55:16.520000,50.16812,50.167268,50.168147,50.167648,50.167795749999996,240,3225
2022-11-23 23:55:16.540000,50.167847,50.16744,50.169105,50.169153,50.16838625,240,3225
2022-11-23 23:55:16.560000,50.166958,50.167866,50.16905,50.169322,50.168299,240,3225
2022-11-23 23:55:16.580000,50.1677,50.168644,50.168761,50.167894,50.16824975,240,3225
2022-11-23 23:55:16.600000,50.169317,50.168319,50.168892,50.169313,50.16896025,240,3225
2022-11-23 23:55:16.620000,50.169321,50.166913,50.168546,50.1675,50.16806999999999,240,3225
2022-11-23 23:55:16.640000,50.168287,50.1665,50.168026,50.16653,50.16733575,240,3225
2022-11-23 23:55:16.660000,50.167273,50.167637,50.167706,50.167638,50.1675635,240,3225
2022-11-23 23:55:16.680000,50.166426,50.168546,50.167573,50.16776,50.167576249999996,240,3225
2022-11-23 23:55:16.700000,50.166764,50.168166,50.167985,50.167938,50.16771325,240,3225
2022-11-23 23:55:16.720000,50.167097,50.167385,50.168099,50.169583,50.168041,240,3225
2022-11-23 23:55:16.740000,50.167357,50.167046,50.168331,50.168892,50.1679065,240,3225
2022-11-23 23:55:16.760000,50.168273,50.167103,50.168282,50.168581,50.16805975,240,3225
2022-11-23 23:55:16.780000,50.1683,50.166955,50.167742,50.167262,50.16756475,240,3225
2022-11-23 23:55:16.800000,50.167412,50.167329,50.167445,50.166386,50.167142999999996,240,3225
2022-11-23 23:55:16.820000,50.167051,50.168509,50.167046,50.168039,50.16766125,240,3225
2022-11-23 23:55:16.840000,50.166931,50.168781,50.166969,50.166675,50.167339,240,3225
2022-11-23 23:55:16.860000,50.166644,50.168097,50.167094,50.168904,50.16768475,240,3225
2022-11-23 23:55:16.880000,50.167176,50.16787,50.167381,50.169991,50.168104500000005,240,3225
2022-11-23 23:55:16.900000,50.168227,50.168444,50.168311,50.168033,50.16825375,240,3225
2022-11-23 23:55:16.920000,50.168435,50.16939,50.168965,50.168217,50.168751750000006,240,3225
2022-11-23 23:55:16.940000,50.168671,50.170019,50.169095,50.168745,50.1691325,240,3225
2022-11-23 23:55:16.960000,50.168783,50.169366,50.168656,50.167236,50.16851025,240,3225
2022-11-23 23:55:16.980000,50.168259,50.167745,50.16791,50.166241,50.167538750000006,240,3225
2022-11-23 23:55:17.000000,50.168306,50.167518,50.167975,50.167912,50.167927750000004,240,3225
2022-11-23 23:55:17.020000,50.169018,50.168268,50.168419,50.168737,50.1686105,240,3225
2022-11-23 23:55:17.040000,50.168977,50.168467,50.168352,50.169741,50.168884250000005,240,3225
2022-11-23 23:55:17.060000,50.168416,50.169314,50.167689,50.16831,50.168432249999995,240,3225
2022-11-23 23:55:17.080000,50.168431,50.170435,50.167229,50.168787,50.1687205,240,3225
2022-11-23 23:55:17.100000,50.169189,50.170056,50.167774,50.166815,50.1684585,240,3225
2022-11-23 23:55:17.120000,50.169722,50.169071,50.168343,50.167852,50.168747,240,3225
2022-11-23 23:55:17.140000,50.168926,50.169144,50.168588,50.1685,50.1687895,240,3225
2022-11-23 23:55:17.160000,50.167764,50.169625,50.168377,50.166954,50.16818,240,3225
2022-11-23 23:55:17.180000,50.168648,50.170504,50.16782,50.169861,50.16920825,240,3225
2022-11-23 23:55:17.200000,50.170291,50.171208,50.167943,50.17069,50.170033000000004,240,3225
2022-11-23 23:55:17.220000,50.17013,50.170722,50.168122,50.168199,50.169293249999996,240,3225
2022-11-23 23:55:17.240000,50.169435,50.170024,50.168467,50.169555,50.16937025,240,3225
2022-11-23 23:55:17.260000,50.169088,50.170004,50.168855,50.169731,50.169419500000004,240,3225
2022-11-23 23:55:17.280000,50.168245,50.17043,50.168836,50.167917,50.168857,240,3225
2022-11-23 23:55:17.300000,50.168514,50.170829,50.169475,50.169352,50.1695425,240,3225
2022-11-23 23:55:17.320000,50.169676,50.170352,50.170758,50.169926,50.170178,240,3225
2022-11-23 23:55:17.340000,50.169592,50.169505,50.171573,50.168055,50.169681250000004,240,3225
2022-11-23 23:55:17.360000,50.16932,50.169342,50.171159,50.170028,50.16996225,240,3225
2022-11-23 23:55:17.380000,50.169741,50.169634,50.169869,50.172056,50.170325,240,3225
2022-11-23 23:55:17.400000,50.170096,50.170288,50.169408,50.170129,50.16998025,240,3225
2022-11-23 23:55:17.420000,50.170115,50.170888,50.169487,50.170629,50.17027975,240,3225
2022-11-23 23:55:17.440000,50.17045,50.171592,50.169656,50.168723,50.17010525,240,3225
2022-11-23 23:55:17.460000,50.170397,50.171537,50.170053,50.171546,50.17088325,240,3225
2022-11-23 23:55:17.480000,50.17012,50.170968,50.170016,50.168833,50.16998425,240,3225
2022-11-23 23:55:17.500000,50.1701,50.171519,50.170287,50.169926,50.170458,240,3225
2022-11-23 23:55:17.520000,50.169674,50.171978,50.170392,50.171361,50.17085125,240,3225
2022-11-23 23:55:17.540000,50.169162,50.171976,50.170197,50.169843,50.1702945,240,3225
2022-11-23 23:55:17.560000,50.169064,50.172037,50.170425,50.169722,50.170312,240,3225
2022-11-23 23:55:17.580000,50.169214,50.170981,50.17045,50.170139,50.170196000000004,240,3225
2022-11-23 23:55:17.600000,50.169567,50.169457,50.169994,50.169556,50.1696435,240,3225
2022-11-23 23:55:17.620000,50.169914,50.169139,50.169732,50.170167,50.169738,240,3225
2022-11-23 23:55:17.640000,50.169237,50.169287,50.169909,50.169333,50.1694415,240,3225
2022-11-23 23:55:17.660000,50.168655,50.16983,50.170597,50.170407,50.16987225,240,3225
2022-11-23 23:55:17.680000,50.169216,50.171102,50.171203,50.170796,50.170579249999996,240,3225
2022-11-23 23:55:17.700000,50.16975,50.171777,50.171197,50.172212,50.171234,240,3225
2022-11-23 23:55:17.720000,50.17025,50.171551,50.170991,50.172222,50.1712535,240,3225
2022-11-23 23:55:17.740000,50.171235,50.171871,50.170578,50.170639,50.17108075,240,3225
2022-11-23 23:55:17.760000,50.171107,50.172682,50.17059,50.170538,50.171229249999996,240,3225
2022-11-23 23:55:17.780000,50.170079,50.172532,50.170482,50.170157,50.1708125,240,3225
2022-11-23 23:55:17.800000,50.169782,50.171302,50.169606,50.169426,50.170029,240,3225
2022-11-23 23:55:17.820000,50.169963,50.170043,50.169541,50.17038,50.16998175,240,3225
2022-11-23 23:55:17.840000,50.17006,50.169636,50.170664,50.170954,50.1703285,240,3225
2022-11-23 23:55:17.860000,50.170477,50.170729,50.172314,50.172935,50.17161375,240,3225
2022-11-23 23:55:17.880000,50.171361,50.171638,50.172586,50.173315,50.172225,240,3225
2022-11-23 23:55:17.900000,50.172354,50.171378,50.171692,50.170028,50.171363,240,3225
2022-11-23 23:55:17.920000,50.172871,50.171603,50.17083,50.169454,50.1711895,240,3225
2022-11-23 23:55:17.940000,50.172399,50.172349,50.170721,50.171694,50.17179075,240,3225
2022-11-23 23:55:17.960000,50.172023,50.172175,50.171307,50.169861,50.171341500000004,240,3225
2022-11-23 23:55:17.980000,50.172139,50.171599,50.1718,50.172592,50.1720325,240,3225
2022-11-23 23:55:18.000000,50.172569,50.171779,50.172145,50.173473,50.1724915,240,3225
2022-11-23 23:55:18.020000,50.17363,50.172514,50.172503,50.172639,50.172821500000005,240,3225
2022-11-23 23:55:18.040000,50.17419,50.172872,50.17286,50.173065,50.173246750000004,240,3225
2022-11-23 23:55:18.060000,50.172903,50.172631,50.173367,50.172685,50.1728965,240,3225
2022-11-23 23:55:18.080000,50.171795,50.172241,50.173101,50.170648,50.17194625,240,3225
2022-11-23 23:55:18.100000,50.172093,50.171759,50.172647,50.172268,50.17219175,240,3225
2022-11-23 23:55:18.120000,50.172685,50.171352,50.172902,50.17138,50.17207975,240,3225
2022-11-23 23:55:18.140000,50.172944,50.171278,50.17333,50.172639,50.17254775,240,3225
2022-11-23 23:55:18.160000,50.173305,50.17137,50.173507,50.173296,50.1728695,240,3225
2022-11-23 23:55:18.180000,50.173815,50.171278,50.172851,50.172833,50.17269425,240,3225
2022-11-23 23:55:18.200000,50.174223,50.170852,50.171946,50.173611,50.172658,240,3225
2022-11-23 23:55:18.220000,50.173898,50.169699,50.172076,50.172995,50.172167,240,3225
2022-11-23 23:55:18.240000,50.172393,50.16969,50.173255,50.172366,50.171926,240,3225
2022-11-23 23:55:18.260000,50.171584,50.171828,50.174022,50.172653,50.17252175,240,3225
2022-11-23 23:55:18.280000,50.172,50.172986,50.173245,50.170935,50.1722915,240,3225
2022-11-23 23:55:18.300000,50.172102,50.171973,50.172032,50.172236,50.17208575,240,3225
2022-11-23 23:55:18.320000,50.172096,50.170389,50.171657,50.171935,50.17151925,240,3225
2022-11-23 23:55:18.340000,50.172413,50.170583,50.17137,50.17349,50.171964,240,3225
2022-11-23 23:55:18.360000,50.172362,50.171764,50.171543,50.171537,50.1718015,240,3225
2022-11-23 23:55:18.380000,50.172273,50.171895,50.17224,50.174324,50.172683000000006,240,3225
2022-11-23 23:55:18.400000,50.172514,50.171514,50.173172,50.170977,50.17204425,240,3225
2022-11-23 23:55:18.420000,50.172778,50.171662,50.173647,50.172463,50.17263749999999,240,3225
2022-11-23 23:55:18.440000,50.172569,50.172171,50.173451,50.172514,50.17267625,240,3225
2022-11-23 23:55:18.460000,50.172171,50.173005,50.173082,50.171134,50.172348,240,3225
2022-11-23 23:55:18.480000,50.17264,50.173223,50.172354,50.170412,50.17215725,240,3225
2022-11-23 23:55:18.500000,50.173222,50.172616,50.171868,50.171521,50.172306750000004,240,3225
2022-11-23 23:55:18.520000,50.173144,50.171842,50.172031,50.17316,50.17254425,240,3225
2022-11-23 23:55:18.540000,50.172018,50.170464,50.17184,50.172918,50.17181,240,3225
2022-11-23 23:55:18.560000,50.171078,50.169107,50.17105,50.171263,50.1706245,240,3225
2022-11-23 23:55:18.580000,50.171014,50.16868,50.170747,50.171399,50.170460000000006,240,3225
2022-11-23 23:55:18.600000,50.170973,50.169106,50.170902,50.170397,50.170344500000006,240,3225
2022-11-23 23:55:18.620000,50.171217,50.170365,50.171579,50.17043,50.17089775,240,3225
2022-11-23 23:55:18.640000,50.171467,50.171352,50.171864,50.171949,50.171657999999994,240,3225
2022-11-23 23:55:18.660000,50.170746,50.171241,50.171112,50.17196,50.171264750000006,240,3225
2022-11-23 23:55:18.680000,50.169713,50.170791,50.171005,50.171522,50.17075775000001,240,3225
2022-11-23 23:55:18.700000,50.169768,50.17087,50.171072,50.171813,50.170880749999995,240,3225
2022-11-23 23:55:18.720000,50.170448,50.171361,50.17053,50.171719,50.1710145,240,3225
2022-11-23 23:55:18.740000,50.170635,50.171801,50.169633,50.1688,50.17021725,240,3225
2022-11-23 23:55:18.760000,50.17061,50.171042,50.169331,50.169027,50.1700025,240,3225
2022-11-23 23:55:18.780000,50.170477,50.169713,50.169903,50.170168,50.17006525,240,3225
2022-11-23 23:55:18.800000,50.169978,50.169519,50.170633,50.169727,50.16996425,240,3225
2022-11-23 23:55:18.820000,50.169412,50.169903,50.171253,50.171097,50.17041625,240,3225
2022-11-23 23:55:18.840000,50.16901,50.170199,50.171006,50.170547,50.1701905,240,3225
2022-11-23 23:55:18.860000,50.169107,50.170273,50.169961,50.170439,50.169945,240,3225
2022-11-23 23:55:18.880000,50.169642,50.169921,50.168928,50.168991,50.1693705,240,3225
2022-11-23 23:55:18.900000,50.169838,50.16969,50.167921,50.169458,50.16922675,240,3225
2022-11-23 23:55:18.920000,50.169564,50.1697,50.168076,50.168088,50.168857,240,3225
2022-11-23 23:55:18.940000,50.169074,50.169931,50.168809,50.167352,50.1687915,240,3225
2022-11-23 23:55:18.960000,50.168741,50.170097,50.169451,50.169861,50.1695375,240,3225
2022-11-23 23:55:18.980000,50.168813,50.169698,50.170185,50.170278,50.169743499999996,240,3225
2022-11-23 23:55:19.000000,50.168809,50.168527,50.170285,50.168574,50.16904875,240,3225
2022-11-23 23:55:19.020000,50.168777,50.167579,50.16987,50.170005,50.16905775,240,3225
2022-11-23 23:55:19.040000,50.168519,50.167422,50.168936,50.168889,50.16844150000001,240,3225
2022-11-23 23:55:19.060000,50.167907,50.167899,50.167788,50.167907,50.167875249999994,240,3225
2022-11-23 23:55:19.080000,50.167426,50.16862,50.167618,50.166963,50.16765675,240,3225
2022-11-23 23:55:19.100000,50.167857,50.168758,50.167783,50.167834,50.168057999999995,240,3225
2022-11-23 23:55:19.120000,50.168903,50.168093,50.167783,50.168722,50.16837525,240,3225
2022-11-23 23:55:19.140000,50.169246,50.167783,50.167494,50.167936,50.16811475,240,3225
2022-11-23 23:55:19.160000,50.168814,50.168527,50.167637,50.168555,50.16838325,240,3225
2022-11-23 23:55:19.180000,50.167621,50.169394,50.168141,50.16863,50.1684465,240,3225
2022-11-23 23:55:19.200000,50.167412,50.169671,50.168216,50.168046,50.16833625,240,3225
2022-11-23 23:55:19.220000,50.168645,50.169879,50.168196,50.16776,50.168620000000004,240,3225
2022-11-23 23:55:19.240000,50.168901,50.170208,50.167765,50.167092,50.1684915,240,3225
2022-11-23 23:55:19.260000,50.168028,50.170083,50.167138,50.167102,50.16808775,240,3225
2022-11-23 23:55:19.280000,50.167856,50.169223,50.167004,50.166972,50.167763750000006,240,3225
2022-11-23 23:55:19.300000,50.167312,50.167978,50.166318,50.167426,50.1672585,240,3225
2022-11-23 23:55:19.320000,50.165901,50.167208,50.165582,50.165861,50.166138000000004,240,3225
2022-11-23 23:55:19.340000,50.165668,50.167036,50.165741,50.16651,50.166238750000005,240,3225
2022-11-23 23:55:19.360000,50.166095,50.166902,50.166189,50.166472,50.1664145,240,3225
2022-11-23 23:55:19.380000,50.16606,50.16636,50.167003,50.166777,50.16655,240,3225
2022-11-23 23:55:19.400000,50.165856,50.166227,50.167539,50.16613,50.166438,240,3225
2022-11-23 23:55:19.420000,50.166169,50.166695,50.167428,50.165139,50.16635775,240,3225
2022-11-23 23:55:19.440000,50.166326,50.167176,50.166741,50.165787,50.1665075,240,3225
2022-11-23 23:55:19.460000,50.165903,50.167583,50.166026,50.165713,50.16630624999999,240,3225
2022-11-23 23:55:19.480000,50.16511,50.167088,50.165956,50.166426,50.166145,240,3225
2022-11-23 23:55:19.500000,50.165291,50.16574,50.166255,50.167852,50.1662845,240,3225
2022-11-23 23:55:19.520000,50.166539,50.165297,50.166444,50.167232,50.16637800000001,240,3225
2022-11-23 23:55:19.540000,50.166123,50.165264,50.165952,50.165537,50.165719,240,3225
2022-11-23 23:55:19.560000,50.164314,50.165365,50.165028,50.165286,50.164998250000004,240,3225
2022-11-23 23:55:19.580000,50.163555,50.165593,50.164699,50.165112,50.16473975,240,3225
2022-11-23 23:55:19.600000,50.164005,50.165648,50.164402,50.163546,50.16440025,240,3225
2022-11-23 23:55:19.620000,50.163732,50.165662,50.16444,50.163601,50.16435875,240,3225
2022-11-23 23:55:19.640000,50.163653,50.16588,50.164834,50.164852,50.16480475,240,3225
2022-11-23 23:55:19.660000,50.16405,50.166041,50.165238,50.166417,50.165436500000006,240,3225
2022-11-23 23:55:19.680000,50.163778,50.166314,50.165325,50.165936,50.165338250000005,240,3225
2022-11-23 23:55:19.700000,50.16313,50.165823,50.164578,50.163741,50.16431800000001,240,3225
2022-11-23 23:55:19.720000,50.162917,50.164341,50.164407,50.163315,50.163745000000006,240,3225
2022-11-23 23:55:19.740000,50.163099,50.16336,50.164653,50.162815,50.163481749999995,240,3225
2022-11-23 23:55:19.760000,50.163296,50.163364,50.164269,50.164158,50.163771749999995,240,3225
2022-11-23 23:55:19.780000,50.16338,50.163838,50.163895,50.162454,50.163391749999995,240,3225
2022-11-23 23:55:19.800000,50.163699,50.16341,50.163557,50.163694,50.16359,240,3225
2022-11-23 23:55:19.820000,50.163718,50.163098,50.16305,50.165546,50.163853,240,3225
2022-11-23 23:55:19.840000,50.163343,50.163166,50.16319,50.164593,50.16357299999999,240,3225
2022-11-23 23:55:19.860000,50.163079,50.162879,50.163746,50.163176,50.16322,240,3225
2022-11-23 23:55:19.880000,50.163273,50.162964,50.164043,50.163639,50.16347974999999,240,3225
2022-11-23 23:55:19.900000,50.163082,50.162916,50.163667,50.163842,50.16337675,240,3225
2022-11-23 23:55:19.920000,50.162621,50.16258,50.162887,50.162481,50.162642250000005,240,3225
2022-11-23 23:55:19.940000,50.163463,50.162714,50.162342,50.161436,50.16248875,240,3225
2022-11-23 23:55:19.960000,50.164297,50.163056,50.16172,50.163713,50.1631965,240,3225
2022-11-23 23:55:19.980000,50.163509,50.162687,50.161582,50.164278,50.163014,240,3225
2022-11-23 23:55:20.000000,50.163246,50.162314,50.162296,50.162537,50.16259825,240,3225
2022-11-23 23:55:20.020000,50.163778,50.162531,50.163303,50.162926,50.163134500000005,240,3225
2022-11-23 23:55:20.040000,50.162746,50.162642,50.163908,50.163898,50.163298499999996,240,3225
2022-11-23 23:55:20.060000,50.161699,50.162324,50.163532,50.161815,50.162342499999994,240,3225
2022-11-23 23:55:20.080000,50.162337,50.161546,50.162913,50.162101,50.16222425,240,3225
2022-11-23 23:55:20.100000,50.162853,50.15987,50.161741,50.161852,50.161579,240,3225
2022-11-23 23:55:20.120000,50.162926,50.159805,50.160891,50.160917,50.16113475,240,3225
2022-11-23 23:55:20.140000,50.162856,50.161754,50.161556,50.162833,50.16224975,240,3225
2022-11-23 23:55:20.160000,50.162273,50.16339,50.161946,50.162778,50.16259675,240,3225
2022-11-23 23:55:20.180000,50.162162,50.163139,50.162192,50.164167,50.162915,240,3225
2022-11-23 23:55:20.200000,50.162305,50.161735,50.162509,50.16237,50.16222975,240,3225
2022-11-23 23:55:20.220000,50.161629,50.160982,50.162777,50.162009,50.16184925,240,3225
2022-11-23 23:55:20.240000,50.161259,50.161269,50.162858,50.161778,50.161791,240,3225
2022-11-23 23:55:20.260000,50.161774,50.161483,50.162395,50.160167,50.16145475,240,3225
2022-11-23 23:55:20.280000,50.161796,50.160819,50.161411,50.160518,50.161136,240,3225
2022-11-23 23:55:20.300000,50.161211,50.160027,50.160827,50.160843,50.160726999999994,240,3225
2022-11-23 23:55:20.320000,50.160675,50.159929,50.161087,50.161417,50.160777,240,3225
2022-11-23 23:55:20.340000,50.159524,50.159505,50.161119,50.162611,50.160689749999996,240,3225
2022-11-23 23:55:20.360000,50.159074,50.15858,50.160526,50.16151,50.1599225,240,3225
2022-11-23 23:55:20.380000,50.160518,50.158821,50.160408,50.160139,50.1599715,240,3225
2022-11-23 23:55:20.400000,50.161375,50.160182,50.160199,50.159592,50.160337,240,3225
2022-11-23 23:55:20.420000,50.160838,50.16124,50.160773,50.158898,50.16043725,240,3225
2022-11-23 23:55:20.440000,50.16119,50.161257,50.161819,50.16043,50.161173999999995,240,3225
2022-11-23 23:55:20.460000,50.161092,50.160513,50.161429,50.160417,50.16086275,240,3225
2022-11-23 23:55:20.480000,50.159912,50.15968,50.160423,50.161796,50.160452750000005,240,3225
2022-11-23 23:55:20.500000,50.159482,50.159194,50.159888,50.161519,50.16002075,240,3225
2022-11-23 23:55:20.520000,50.160071,50.159495,50.159661,50.159296,50.159630750000005,240,3225
2022-11-23 23:55:20.540000,50.160992,50.159764,50.159976,50.159868,50.16015,240,3225
2022-11-23 23:55:20.560000,50.161116,50.159051,50.159903,50.160415,50.16012125,240,3225
2022-11-23 23:55:20.580000,50.159857,50.158546,50.159044,50.158611,50.159014500000005,240,3225
2022-11-23 23:55:20.600000,50.158157,50.159056,50.157753,50.158081,50.15826175,240,3225
2022-11-23 23:55:20.620000,50.157305,50.159718,50.15723,50.15707,50.15783075,240,3225
2022-11-23 23:55:20.640000,50.157221,50.159931,50.157975,50.158869,50.158499,240,3225
2022-11-23 23:55:20.660000,50.157598,50.159189,50.158156,50.158333,50.158319,240,3225
2022-11-23 23:55:20.680000,50.158616,50.157477,50.157824,50.157359,50.157819,240,3225
2022-11-23 23:55:20.700000,50.159083,50.155948,50.157742,50.156696,50.15736725000001,240,3225
2022-11-23 23:55:20.720000,50.157884,50.155972,50.158284,50.158612,50.157688,240,3225
2022-11-23 23:55:20.740000,50.156903,50.158024,50.158634,50.158055,50.157903999999995,240,3225
2022-11-23 23:55:20.760000,50.157264,50.16057,50.158115,50.157503,50.158363,240,3225
2022-11-23 23:55:20.780000,50.157087,50.160403,50.157545,50.158881,50.158479,240,3225
2022-11-23 23:55:20.800000,50.156695,50.158217,50.156959,50.155837,50.156926999999996,240,3225
2022-11-23 23:55:20.820000,50.156639,50.157522,50.156884,50.157772,50.15720425,240,3225
2022-11-23 23:55:20.840000,50.156023,50.157597,50.156626,50.156404,50.1566625,240,3225
2022-11-23 23:55:20.860000,50.155851,50.157246,50.155731,50.159445,50.15706825,240,3225
2022-11-23 23:55:20.880000,50.156695,50.157005,50.155997,50.159014,50.15717775,240,3225
2022-11-23 23:55:20.900000,50.157167,50.156463,50.156701,50.157097,50.156856999999995,240,3225
2022-11-23 23:55:20.920000,50.156894,50.155768,50.156402,50.155834,50.1562245,240,3225
2022-11-23 23:55:20.940000,50.15694,50.155638,50.155901,50.156764,50.15631075,240,3225
2022-11-23 23:55:20.960000,50.157115,50.156222,50.155853,50.153768,50.155739499999996,240,3225
2022-11-23 23:55:20.980000,50.156621,50.157408,50.155906,50.154736,50.15616775000001,240,3225
2022-11-23 23:55:21.000000,50.155657,50.157867,50.155592,50.15556,50.156169,240,3225
2022-11-23 23:55:21.020000,50.155028,50.157273,50.15537,50.156241,50.155978,240,3225
2022-11-23 23:55:21.040000,50.154968,50.156305,50.155404,50.156635,50.155828,240,3225
2022-11-23 23:55:21.060000,50.155208,50.155527,50.15516,50.155991,50.1554715,240,3225
2022-11-23 23:55:21.080000,50.155393,50.15468,50.154984,50.154584,50.15491025,240,3225
2022-11-23 23:55:21.100000,50.155615,50.154865,50.155155,50.15512,50.15518874999999,240,3225
2022-11-23 23:55:21.120000,50.155598,50.155955,50.155262,50.153778,50.155148249999996,240,3225
2022-11-23 23:55:21.140000,50.15443,50.155736,50.155408,50.15475,50.155081,240,3225
2022-11-23 23:55:21.160000,50.153532,50.154273,50.154805,50.153444,50.154013500000005,240,3225
2022-11-23 23:55:21.180000,50.154222,50.154148,50.154047,50.154348,50.15419125,240,3225
2022-11-23 23:55:21.200000,50.154338,50.154717,50.153273,50.154671,50.154249750000005,240,3225
2022-11-23 23:55:21.220000,50.15387,50.154917,50.153278,50.15238,50.15361125,240,3225
2022-11-23 23:55:21.240000,50.15456,50.155283,50.154306,50.155083,50.154807999999996,240,3225
2022-11-23 23:55:21.260000,50.155102,50.155305,50.154667,50.155778,50.155213,240,3225
2022-11-23 23:55:21.280000,50.154195,50.154343,50.154203,50.153611,50.154088,240,3225
2022-11-23 23:55:21.300000,50.153491,50.15318,50.153669,50.153148,50.153372000000005,240,3225
2022-11-23 23:55:21.320000,50.154171,50.153408,50.152931,50.15488,50.1538475,240,3225
2022-11-23 23:55:21.340000,50.154389,50.155129,50.152588,50.153203,50.15382725,240,3225
2022-11-23 23:55:21.360000,50.153848,50.156041,50.152866,50.153334,50.154022250000004,240,3225
2022-11-23 23:55:21.380000,50.153677,50.155968,50.153996,50.155527,50.154792,240,3225
2022-11-23 23:55:21.400000,50.153658,50.155361,50.155055,50.155417,50.15487275,240,3225
2022-11-23 23:55:21.420000,50.153943,50.154092,50.156097,50.154908,50.15476,240,3225
2022-11-23 23:55:21.440000,50.154015,50.152593,50.156082,50.155518,50.154552,240,3225
2022-11-23 23:55:21.460000,50.153133,50.152496,50.154763,50.153583,50.15349375,240,3225
2022-11-23 23:55:21.480000,50.153083,50.153176,50.154055,50.151963,50.15306925,240,3225
2022-11-23 23:55:21.500000,50.15358,50.152903,50.153273,50.15226,50.153003999999996,240,3225
2022-11-23 23:55:21.520000,50.153802,50.152,50.152224,50.152167,50.152548249999995,240,3225
2022-11-23 23:55:21.540000,50.154078,50.152306,50.152188,50.152926,50.1528745,240,3225
2022-11-23 23:55:21.560000,50.153997,50.153306,50.15259,50.154019,50.153478,240,3225
2022-11-23 23:55:21.580000,50.153065,50.153694,50.153,50.155333,50.153773,240,3225
2022-11-23 23:55:21.600000,50.151719,50.153731,50.152591,50.153694,50.15293375,240,3225
2022-11-23 23:55:21.620000,50.15098,50.1535,50.152191,50.151426,50.15202425,240,3225
2022-11-23 23:55:21.640000,50.151191,50.15263,50.152258,50.15237,50.152112249999995,240,3225
2022-11-23 23:55:21.660000,50.152879,50.151963,50.152603,50.150861,50.1520765,240,3225
2022-11-23 23:55:21.680000,50.154154,50.152204,50.152911,50.152435,50.152926,240,3225
2022-11-23 23:55:21.700000,50.153435,50.152713,50.152877,50.150842,50.15246675,240,3225
2022-11-23 23:55:21.720000,50.152712,50.153972,50.152528,50.153528,50.153185,240,3225
2022-11-23 23:55:21.740000,50.152405,50.154047,50.151927,50.15276,50.15278475,240,3225
2022-11-23 23:55:21.760000,50.151759,50.152518,50.151675,50.153278,50.1523075,240,3225
2022-11-23 23:55:21.780000,50.15188,50.150935,50.151906,50.153889,50.1521525,240,3225
2022-11-23 23:55:21.800000,50.152764,50.150385,50.151478,50.151657,50.151571,240,3225
2022-11-23 23:55:21.820000,50.153222,50.151089,50.151848,50.150889,50.151762000000005,240,3225
2022-11-23 23:55:21.840000,50.152422,50.151704,50.152173,50.152602,50.15222525,240,3225
2022-11-23 23:55:21.860000,50.151631,50.151565,50.151523,50.150546,50.15131625,240,3225
2022-11-23 23:55:21.880000,50.151658,50.150947,50.151422,50.152297,50.151581,240,3225
2022-11-23 23:55:21.900000,50.151958,50.150047,50.151643,50.152352,50.151500000000006,240,3225
2022-11-23 23:55:21.920000,50.152046,50.15057,50.152078,50.150204,50.151224500000005,240,3225
2022-11-23 23:55:21.940000,50.152213,50.152081,50.15269,50.152073,50.15226425,240,3225
2022-11-23 23:55:21.960000,50.15276,50.152699,50.152703,50.152306,50.152617000000006,240,3225
2022-11-23 23:55:21.980000,50.153028,50.152546,50.152124,50.151954,50.152412999999996,240,3225
2022-11-23 23:55:22.000000,50.152416,50.151998,50.151676,50.151741,50.15195775000001,240,3225
2022-11-23 23:55:22.020000,50.151598,50.150895,50.151708,50.150824,50.15125625,240,3225
2022-11-23 23:55:22.040000,50.151306,50.150693,50.15164,50.150815,50.1511135,240,3225
2022-11-23 23:55:22.060000,50.151028,50.151137,50.151489,50.151306,50.15124,240,3225
2022-11-23 23:55:22.080000,50.150593,50.151592,50.15144,50.149408,50.15075825,240,3225
2022-11-23 23:55:22.100000,50.150842,50.151956,50.151267,50.151556,50.151405249999996,240,3225
2022-11-23 23:55:22.120000,50.15112,50.151159,50.151282,50.151417,50.151244500000004,240,3225
2022-11-23 23:55:22.140000,50.150694,50.150986,50.151405,50.151889,50.15124349999999,240,3225
2022-11-23 23:55:22.160000,50.150389,50.151523,50.151562,50.153185,50.151664749999995,240,3225
2022-11-23 23:55:22.180000,50.1502,50.151918,50.151525,50.150574,50.15105425,240,3225
2022-11-23 23:55:22.200000,50.150824,50.152305,50.151638,50.149426,50.15104825,240,3225
2022-11-23 23:55:22.220000,50.151852,50.151774,50.151832,50.151129,50.151646750000005,240,3225
2022-11-23 23:55:22.240000,50.151032,50.150588,50.151564,50.149324,50.150627,240,3225
2022-11-23 23:55:22.260000,50.149982,50.1505,50.151795,50.151565,50.150960500000004,240,3225
2022-11-23 23:55:22.280000,50.150444,50.150801,50.151791,50.15301,50.1515115,240,3225
2022-11-23 23:55:22.300000,50.150519,50.150958,50.15104,50.151944,50.151115250000004,240,3225
2022-11-23 23:55:22.320000,50.14969,50.15137,50.150765,50.151931,50.150939,240,3225
2022-11-23 23:55:22.340000,50.149995,50.151862,50.149783,50.149588,50.150307,240,3225
2022-11-23 23:55:22.360000,50.150487,50.151745,50.148615,50.150333,50.150295,240,3225
2022-11-23 23:55:22.380000,50.149652,50.150996,50.148534,50.149926,50.149777,240,3225
2022-11-23 23:55:22.400000,50.148704,50.150167,50.148977,50.150444,50.149573000000004,240,3225
2022-11-23 23:55:22.420000,50.148611,50.150301,50.149547,50.148102,50.14914025,240,3225
2022-11-23 23:55:22.440000,50.148709,50.150732,50.149791,50.150648,50.149969999999996,240,3225
2022-11-23 23:55:22.460000,50.14937,50.150666,50.150131,50.150149,50.150079000000005,240,3225
2022-11-23 23:55:22.480000,50.150097,50.149856,50.1501,50.150657,50.1501775,240,3225
2022-11-23 23:55:22.500000,50.150121,50.14931,50.149896,50.149778,50.149776249999995,240,3225
2022-11-23 23:55:22.520000,50.150037,50.150212,50.150157,50.150125,50.150132750000004,240,3225
2022-11-23 23:55:22.540000,50.149675,50.151574,50.150557,50.151102,50.150727,240,3225
2022-11-23 23:55:22.560000,50.14938,50.15156,50.151001,50.150976,50.15072925,240,3225
2022-11-23 23:55:22.580000,50.149728,50.15094,50.150471,50.149033,50.150043000000004,240,3225
2022-11-23 23:55:22.600000,50.149972,50.150148,50.149526,50.149708,50.1498385,240,3225
2022-11-23 23:55:22.620000,50.150161,50.149323,50.149457,50.149181,50.1495305,240,3225
2022-11-23 23:55:22.640000,50.150657,50.149593,50.149622,50.148861,50.149683249999995,240,3225
2022-11-23 23:55:22.660000,50.151093,50.150972,50.150017,50.150296,50.1505945,240,3225
2022-11-23 23:55:22.680000,50.150417,50.151314,50.150427,50.151813,50.15099275,240,3225
2022-11-23 23:55:22.700000,50.149175,50.150283,50.150633,50.151526,50.150404249999994,240,3225
2022-11-23 23:55:22.720000,50.149348,50.150148,50.150606,50.14986,50.1499905,240,3225
2022-11-23 23:55:22.740000,50.149663,50.15,50.149592,50.149716,50.14974275,240,3225
2022-11-23 23:55:22.760000,50.149078,50.149153,50.148823,50.147908,50.1487405,240,3225
2022-11-23 23:55:22.780000,50.149268,50.149435,50.149098,50.148925,50.1491815,240,3225
2022-11-23 23:55:22.800000,50.149976,50.149884,50.149395,50.15039,50.14991125,240,3225
2022-11-23 23:55:22.820000,50.149964,50.149162,50.149497,50.150008,50.14965775,240,3225
2022-11-23 23:55:22.840000,50.149333,50.148454,50.149574,50.15055,50.14947775,240,3225
2022-11-23 23:55:22.860000,50.148982,50.148926,50.149942,50.151536,50.1498465,240,3225
2022-11-23 23:55:22.880000,50.149491,50.150356,50.150286,50.149993,50.1500315,240,3225
2022-11-23 23:55:22.900000,50.149907,50.151685,50.150839,50.150844,50.15081875,240,3225
2022-11-23 23:55:22.920000,50.149808,50.15193,50.150928,50.150133,50.15069975,240,3225
2022-11-23 23:55:22.940000,50.150772,50.151264,50.150287,50.148593,50.150229,240,3225
2022-11-23 23:55:22.960000,50.151587,50.150143,50.149862,50.149898,50.1503725,240,3225
2022-11-23 23:55:22.980000,50.150991,50.149713,50.149622,50.150379,50.15017625,240,3225
2022-11-23 23:55:23.000000,50.151421,50.149847,50.149292,50.150027,50.15014675,240,3225
2022-11-23 23:55:23.020000,50.151981,50.149805,50.149459,50.149857,50.1502755,240,3225
2022-11-23 23:55:23.040000,50.150163,50.149852,50.150091,50.151815,50.15048025,240,3225
2022-11-23 23:55:23.060000,50.148861,50.149833,50.150519,50.149693,50.1497265,240,3225
2022-11-23 23:55:23.080000,50.149718,50.1495,50.150432,50.150445,50.150023749999995,240,3225
2022-11-23 23:55:23.100000,50.150092,50.148324,50.15029,50.150125,50.149707750000005,240,3225
2022-11-23 23:55:23.120000,50.149371,50.147065,50.149581,50.149584,50.14890025,240,3225
2022-11-23 23:55:23.140000,50.149227,50.147857,50.148639,50.147768,50.14837275000001,240,3225
2022-11-23 23:55:23.160000,50.149145,50.149246,50.148378,50.148477,50.148811499999994,240,3225
2022-11-23 23:55:23.180000,50.148839,50.14856,50.149078,50.149055,50.148883000000005,240,3225
2022-11-23 23:55:23.200000,50.150195,50.14769,50.150442,50.14944,50.14944175,240,3225
2022-11-23 23:55:23.220000,50.151575,50.148449,50.151393,50.150273,50.1504225,240,3225
2022-11-23 23:55:23.240000,50.150851,50.14957,50.151567,50.151662,50.150912500000004,240,3225
2022-11-23 23:55:23.260000,50.150343,50.150055,50.151086,50.150583,50.150516749999994,240,3225
2022-11-23 23:55:23.280000,50.150093,50.150065,50.150319,50.151083,50.15039,240,3225
2022-11-23 23:55:23.300000,50.149427,50.149926,50.150052,50.150093,50.1498745,240,3225
2022-11-23 23:55:23.320000,50.150166,50.150038,50.150164,50.149055,50.14985575,240,3225
2022-11-23 23:55:23.340000,50.150898,50.148963,50.149975,50.149065,50.14972525,240,3225
2022-11-23 23:55:23.360000,50.149588,50.147402,50.149085,50.149532,50.14890175,240,3225
2022-11-23 23:55:23.380000,50.148611,50.147601,50.147845,50.148732,50.148197249999996,240,3225
2022-11-23 23:55:23.400000,50.14919,50.148958,50.148056,50.149922,50.1490315,240,3225
2022-11-23 23:55:23.420000,50.149583,50.149926,50.149516,50.150254,50.14981975,240,3225
2022-11-23 23:55:23.440000,50.14975,50.150074,50.150319,50.150829,50.150243,240,3225
2022-11-23 23:55:23.460000,50.150144,50.149287,50.150371,50.149315,50.14977925,240,3225
2022-11-23 23:55:23.480000,50.150133,50.148824,50.150132,50.149972,50.14976525,240,3225
2022-11-23 23:55:23.500000,50.15031,50.149042,50.149744,50.148491,50.14939675,240,3225
2022-11-23 23:55:23.520000,50.149959,50.148884,50.149083,50.149278,50.149301,240,3225
2022-11-23 23:55:23.540000,50.149959,50.147824,50.148337,50.148482,50.1486505,240,3225
2022-11-23 23:55:23.560000,50.149959,50.147,50.148421,50.149602,50.148745500000004,240,3225
2022-11-23 23:55:23.580000,50.150084,50.147134,50.148813,50.147555,50.148396500000004,240,3225
2022-11-23 23:55:23.600000,50.150039,50.147518,50.149023,50.145954,50.1481335,240,3225
2022-11-23 23:55:23.620000,50.149773,50.148019,50.148804,50.151268,50.149466000000004,240,3225
2022-11-23 23:55:23.640000,50.149602,50.148685,50.148947,50.151732,50.149741500000005,240,3225
2022-11-23 23:55:23.660000,50.148781,50.149416,50.149122,50.150713,50.149508,240,3225
2022-11-23 23:55:23.680000,50.147846,50.149232,50.149121,50.1475,50.148424750000004,240,3225
2022-11-23 23:55:23.700000,50.14789,50.148657,50.149086,50.148445,50.1485195,240,3225
2022-11-23 23:55:23.720000,50.148425,50.148861,50.148773,50.147667,50.1484315,240,3225
2022-11-23 23:55:23.740000,50.14903,50.149402,50.148131,50.147945,50.148627,240,3225
2022-11-23 23:55:23.760000,50.14865,50.149616,50.147616,50.149675,50.14888925,240,3225
2022-11-23 23:55:23.780000,50.147885,50.14911,50.147141,50.149033,50.148292250000004,240,3225
2022-11-23 23:55:23.800000,50.147709,50.148365,50.147241,50.149513,50.148207,240,3225
2022-11-23 23:55:23.820000,50.148062,50.148412,50.148036,50.149806,50.148579,240,3225
2022-11-23 23:55:23.840000,50.14792,50.149056,50.148609,50.148204,50.14844725,240,3225
2022-11-23 23:55:23.860000,50.148247,50.149325,50.148781,50.147222,50.14839375,240,3225
2022-11-23 23:55:23.880000,50.149362,50.14887,50.148862,50.147185,50.14856975000001,240,3225
2022-11-23 23:55:23.900000,50.149284,50.148018,50.149243,50.147685,50.1485575,240,3225
2022-11-23 23:55:23.920000,50.148348,50.147583,50.148959,50.148611,50.14837525,240,3225
2022-11-23 23:55:23.940000,50.147751,50.147432,50.148461,50.147907,50.14788775,240,3225
2022-11-23 23:55:23.960000,50.147085,50.147306,50.14802,50.149046,50.14786425,240,3225
2022-11-23 23:55:23.980000,50.146931,50.147438,50.147178,50.149278,50.147706250000006,240,3225
2022-11-23 23:55:24.000000,50.147764,50.147606,50.147075,50.147343,50.14744700000001,240,3225
2022-11-23 23:55:24.020000,50.14807,50.147801,50.147508,50.145963,50.1473355,240,3225
2022-11-23 23:55:24.040000,50.147209,50.148028,50.148002,50.147843,50.14777049999999,240,3225
2022-11-23 23:55:24.060000,50.147338,50.148466,50.148234,50.14775,50.147947,240,3225
2022-11-23 23:55:24.080000,50.147297,50.148232,50.14804,50.14587,50.14735975,240,3225
2022-11-23 23:55:24.100000,50.146273,50.147605,50.148268,50.148032,50.1475445,240,3225
2022-11-23 23:55:24.120000,50.146218,50.147293,50.148374,50.148134,50.147504749999996,240,3225
2022-11-23 23:55:24.140000,50.146579,50.147127,50.147899,50.146871,50.147119,240,3225
2022-11-23 23:55:24.160000,50.146856,50.146721,50.147256,50.14675,50.14689575,240,3225
2022-11-23 23:55:24.180000,50.147167,50.145921,50.146964,50.146593,50.14666125,240,3225
2022-11-23 23:55:24.200000,50.147204,50.146061,50.147087,50.147305,50.14691425000001,240,3225
2022-11-23 23:55:24.220000,50.1468,50.147493,50.146514,50.147482,50.14707225,240,3225
2022-11-23 23:55:24.240000,50.146568,50.148958,50.145787,50.14661,50.14698075,240,3225
2022-11-23 23:55:24.260000,50.146504,50.148697,50.145145,50.144435,50.14619524999999,240,3225
2022-11-23 23:55:24.280000,50.146205,50.146979,50.145267,50.146885,50.146333999999996,240,3225
2022-11-23 23:55:24.300000,50.146634,50.146215,50.145486,50.14681,50.14628625,240,3225
2022-11-23 23:55:24.320000,50.147222,50.147222,50.145224,50.145,50.146167,240,3225
2022-11-23 23:55:24.340000,50.146936,50.14756,50.14586,50.146583,50.14673475,240,3225
2022-11-23 23:55:24.360000,50.146315,50.146373,50.147018,50.147166,50.146718,240,3225
2022-11-23 23:55:24.380000,50.14642,50.145723,50.147284,50.148102,50.14688225,240,3225
2022-11-23 23:55:24.400000,50.146005,50.146525,50.14686,50.14649,50.14647,240,3225
2022-11-23 23:55:24.420000,50.145709,50.147173,50.146261,50.145158,50.14607525,240,3225
2022-11-23 23:55:24.440000,50.146764,50.146926,50.146133,50.145667,50.1463725,240,3225
2022-11-23 23:55:24.460000,50.147362,50.146524,50.145764,50.145407,50.14626425,240,3225
2022-11-23 23:55:24.480000,50.146636,50.146288,50.145213,50.14562,50.14593925,240,3225
2022-11-23 23:55:24.500000,50.145751,50.146083,50.14519,50.146056,50.14577,240,3225
2022-11-23 23:55:24.520000,50.145828,50.14524,50.145277,50.14713,50.14586875,240,3225
2022-11-23 23:55:24.540000,50.14606,50.144583,50.145498,50.14613,50.14556775,240,3225
2022-11-23 23:55:24.560000,50.145908,50.145018,50.145544,50.147315,50.145946249999994,240,3225
2022-11-23 23:55:24.580000,50.145982,50.146051,50.146529,50.145102,50.145916,240,3225
2022-11-23 23:55:24.600000,50.146351,50.146583,50.147586,50.146704,50.146806,240,3225
2022-11-23 23:55:24.620000,50.146102,50.146528,50.147279,50.146828,50.14668425,240,3225
2022-11-23 23:55:24.640000,50.145316,50.145514,50.146377,50.145393,50.14565,240,3225
2022-11-23 23:55:24.660000,50.145384,50.145306,50.14582,50.144074,50.145146,240,3225
2022-11-23 23:55:24.680000,50.146615,50.145987,50.146485,50.145537,50.14615599999999,240,3225
2022-11-23 23:55:24.700000,50.147023,50.146416,50.14729,50.14762,50.14708725,240,3225
2022-11-23 23:55:24.720000,50.146366,50.146438,50.14718,50.146116,50.146525000000004,240,3225
2022-11-23 23:55:24.740000,50.146486,50.146,50.146857,50.147486,50.146707250000006,240,3225
2022-11-23 23:55:24.760000,50.146801,50.145213,50.146377,50.14738,50.14644275,240,3225
2022-11-23 23:55:24.780000,50.145866,50.145408,50.146498,50.145009,50.14569525,240,3225
2022-11-23 23:55:24.800000,50.145185,50.146306,50.146484,50.146394,50.146092249999995,240,3225
2022-11-23 23:55:24.820000,50.145158,50.146823,50.146007,50.146352,50.146085,240,3225
2022-11-23 23:55:24.840000,50.145319,50.146468,50.145734,50.14487,50.14559775,240,3225
2022-11-23 23:55:24.860000,50.146124,50.145986,50.145558,50.144574,50.1455605,240,3225
2022-11-23 23:55:24.880000,50.14695,50.145328,50.145816,50.146681,50.14619375,240,3225
2022-11-23 23:55:24.900000,50.146755,50.145074,50.146209,50.146792,50.1462075,240,3225
2022-11-23 23:55:24.920000,50.14631,50.145856,50.146434,50.14669,50.146322500000004,240,3225
2022-11-23 23:55:24.940000,50.146467,50.146315,50.14651,50.147076,50.146592,240,3225
2022-11-23 23:55:24.960000,50.146024,50.145912,50.146094,50.144734,50.145691,240,3225
2022-11-23 23:55:24.980000,50.145292,50.145098,50.14558,50.145524,50.1453735,240,3225
2022-11-23 23:55:25.000000,50.146064,50.144606,50.14463,50.144325,50.144906250000005,240,3225
2022-11-23 23:55:25.020000,50.146703,50.144689,50.144284,50.145149,50.14520625,240,3225
2022-11-23 23:55:25.040000,50.145694,50.145223,50.144569,50.144868,50.1450885,240,3225
2022-11-23 23:55:25.060000,50.144227,50.145306,50.144515,50.144584,50.14465800000001,240,3225
2022-11-23 23:55:25.080000,50.143662,50.144398,50.14427,50.145544,50.1444685,240,3225
2022-11-23 23:55:25.100000,50.144185,50.143471,50.144184,50.144023,50.14396575,240,3225
2022-11-23 23:55:25.120000,50.1447,50.143592,50.144798,50.145281,50.14459275,240,3225
2022-11-23 23:55:25.140000,50.145028,50.144542,50.145457,50.145966,50.145248249999995,240,3225
2022-11-23 23:55:25.160000,50.145546,50.145306,50.144958,50.144147,50.14498925,240,3225
2022-11-23 23:55:25.180000,50.145866,50.145815,50.144359,50.144069,50.14502725,240,3225
2022-11-23 23:55:25.200000,50.144977,50.146319,50.144262,50.14551,50.145267,240,3225
2022-11-23 23:55:25.220000,50.144093,50.146236,50.144465,50.143904,50.1446745,240,3225
2022-11-23 23:55:25.240000,50.144398,50.145583,50.14444,50.143761,50.14454550000001,240,3225
2022-11-23 23:55:25.260000,50.144319,50.144944,50.144367,50.143624,50.144313499999996,240,3225
2022-11-23 23:55:25.280000,50.144255,50.145069,50.144601,50.146236,50.145040249999994,240,3225
2022-11-23 23:55:25.300000,50.144898,50.145398,50.144804,50.145272,50.145093,240,3225
2022-11-23 23:55:25.320000,50.144713,50.145566,50.144985,50.14486,50.145030999999996,240,3225
2022-11-23 23:55:25.340000,50.143819,50.145139,50.144823,50.145126,50.144726750000004,240,3225
2022-11-23 23:55:25.360000,50.1437,50.144241,50.1447,50.14337,50.14400275,240,3225
2022-11-23 23:55:25.380000,50.14363,50.143756,50.144871,50.143731,50.143997,240,3225
2022-11-23 23:55:25.400000,50.143115,50.144288,50.144511,50.142926,50.14371,240,3225
2022-11-23 23:55:25.420000,50.143213,50.145199,50.143832,50.143472,50.143929,240,3225
2022-11-23 23:55:25.440000,50.14387,50.145364,50.14294,50.143333,50.143876750000004,240,3225
2022-11-23 23:55:25.460000,50.143936,50.143753,50.142049,50.144301,50.14350974999999,240,3225
2022-11-23 23:55:25.480000,50.143458,50.142232,50.142054,50.144171,50.142978750000005,240,3225
2022-11-23 23:55:25.500000,50.143046,50.143084,50.143122,50.144296,50.143387,240,3225
2022-11-23 23:55:25.520000,50.143568,50.144476,50.144312,50.145426,50.1444455,240,3225
2022-11-23 23:55:25.540000,50.144564,50.144278,50.144677,50.144204,50.14443075,240,3225
2022-11-23 23:55:25.560000,50.14442,50.143921,50.144564,50.143315,50.144055,240,3225
2022-11-23 23:55:25.580000,50.143161,50.143717,50.144269,50.143592,50.143684750000006,240,3225
2022-11-23 23:55:25.600000,50.143131,50.143306,50.14389,50.142666,50.14324825,240,3225
2022-11-23 23:55:25.620000,50.144371,50.142833,50.143471,50.143593,50.143567000000004,240,3225
2022-11-23 23:55:25.640000,50.144139,50.143064,50.143527,50.141879,50.14315225,240,3225
2022-11-23 23:55:25.660000,50.143357,50.144431,50.144519,50.143103,50.1438525,240,3225
2022-11-23 23:55:25.680000,50.143476,50.144672,50.145123,50.14461,50.14447025,240,3225
2022-11-23 23:55:25.700000,50.143403,50.143014,50.144516,50.144816,50.14393725,240,3225
2022-11-23 23:55:25.720000,50.143352,50.142163,50.143679,50.142815,50.143002249999995,240,3225
2022-11-23 23:55:25.740000,50.143305,50.143087,50.14348,50.142648,50.14313,240,3225
2022-11-23 23:55:25.760000,50.143084,50.143778,50.143588,50.144602,50.143763,240,3225
2022-11-23 23:55:25.780000,50.143608,50.14394,50.143246,50.143287,50.143520249999995,240,3225
2022-11-23 23:55:25.800000,50.143621,50.143963,50.142578,50.142204,50.1430915,240,3225
2022-11-23 23:55:25.820000,50.14207,50.143777,50.142323,50.142963,50.14278325,240,3225
2022-11-23 23:55:25.840000,50.141663,50.143426,50.142339,50.143574,50.1427505,240,3225
2022-11-23 23:55:25.860000,50.143606,50.14305,50.142875,50.144074,50.14340125,240,3225
2022-11-23 23:55:25.880000,50.144467,50.142908,50.143499,50.145527,50.144100249999994,240,3225
2022-11-23 23:55:25.900000,50.143631,50.14313,50.143892,50.141806,50.14311475,240,3225
2022-11-23 23:55:25.920000,50.143229,50.143411,50.143856,50.144453,50.14373725,240,3225
2022-11-23 23:55:25.940000,50.14295,50.14294,50.143425,50.144,50.14332875,240,3225
2022-11-23 23:55:25.960000,50.142939,50.142014,50.143319,50.142778,50.142762499999996,240,3225
2022-11-23 23:55:25.980000,50.143209,50.142074,50.143775,50.141305,50.14259075,240,3225
2022-11-23 23:55:26.000000,50.143029,50.143115,50.143764,50.143,50.143227,240,3225
2022-11-23 23:55:26.020000,50.143394,50.14376,50.143135,50.142945,50.1433085,240,3225
2022-11-23 23:55:26.040000,50.144125,50.143727,50.142154,50.143444,50.143362499999995,240,3225
2022-11-23 23:55:26.060000,50.14377,50.142977,50.1409,50.14414,50.14294675,240,3225
2022-11-23 23:55:26.080000,50.142475,50.141986,50.140415,50.14199,50.141716499999994,240,3225
2022-11-23 23:55:26.100000,50.142321,50.14156,50.141382,50.142667,50.1419825,240,3225
2022-11-23 23:55:26.120000,50.143087,50.142046,50.142529,50.143473,50.14278375,240,3225
2022-11-23 23:55:26.140000,50.143466,50.142939,50.143131,50.143,50.143133999999996,240,3225
2022-11-23 23:55:26.160000,50.143101,50.143569,50.143348,50.142537,50.143138750000006,240,3225
2022-11-23 23:55:26.180000,50.142586,50.143259,50.143697,50.142231,50.14294325,240,3225
2022-11-23 23:55:26.200000,50.142927,50.142037,50.143853,50.14275,50.142891750000004,240,3225
2022-11-23 23:55:26.220000,50.143293,50.140842,50.142951,50.142259,50.14233624999999,240,3225
2022-11-23 23:55:26.240000,50.142388,50.141085,50.141676,50.142639,50.141946999999995,240,3225
2022-11-23 23:55:26.260000,50.142135,50.140847,50.140865,50.142361,50.141552,240,3225
2022-11-23 23:55:26.280000,50.143168,50.137816,50.141147,50.141315,50.1408615,240,3225
2022-11-23 23:55:26.300000,50.143084,50.137009,50.142353,50.142296,50.14118549999999,240,3225
2022-11-23 23:55:26.320000,50.142347,50.140217,50.143185,50.143407,50.142289,240,3225
2022-11-23 23:55:26.340000,50.142768,50.142655,50.143527,50.142546,50.142874,240,3225
2022-11-23 23:55:26.360000,50.143112,50.143179,50.143808,50.14112,50.14280475,240,3225
2022-11-23 23:55:26.380000,50.142708,50.14316,50.143866,50.142361,50.14302375,240,3225
2022-11-23 23:55:26.400000,50.142565,50.143077,50.143545,50.140981,50.142542000000006,240,3225
2022-11-23 23:55:26.420000,50.14182,50.14269,50.142576,50.141611,50.14217425,240,3225
2022-11-23 23:55:26.440000,50.141968,50.142076,50.141936,50.143352,50.142332999999994,240,3225
2022-11-23 23:55:26.460000,50.142949,50.141454,50.141276,50.14263,50.14207725,240,3225
2022-11-23 23:55:26.480000,50.142528,50.141158,50.140535,50.142472,50.14167325,240,3225
2022-11-23 23:55:26.500000,50.141778,50.142024,50.140019,50.141287,50.141277,240,3225
2022-11-23 23:55:26.520000,50.142338,50.142578,50.140621,50.14137,50.141726750000004,240,3225
2022-11-23 23:55:26.540000,50.142356,50.141369,50.141774,50.140953,50.141613,240,3225
2022-11-23 23:55:26.560000,50.141751,50.140391,50.142331,50.140426,50.14122474999999,240,3225
2022-11-23 23:55:26.580000,50.141551,50.140465,50.142465,50.140603,50.141271,240,3225
2022-11-23 23:55:26.600000,50.141741,50.14088,50.142342,50.141342,50.14157625,240,3225
2022-11-23 23:55:26.620000,50.14212,50.141082,50.142016,50.142009,50.14180674999999,240,3225
2022-11-23 23:55:26.640000,50.141991,50.141319,50.141539,50.141389,50.1415595,240,3225
2022-11-23 23:55:26.660000,50.141204,50.140471,50.141122,50.141481,50.1410695,240,3225
2022-11-23 23:55:26.680000,50.141486,50.13917,50.141113,50.140667,50.140609,240,3225
2022-11-23 23:55:26.700000,50.142268,50.13953,50.141341,50.141954,50.14127325,240,3225
2022-11-23 23:55:26.720000,50.14119,50.141351,50.141202,50.141676,50.14135475,240,3225
2022-11-23 23:55:26.740000,50.139788,50.142371,50.141158,50.140435,50.140938,240,3225
2022-11-23 23:55:26.760000,50.140106,50.142449,50.141113,50.140538,50.141051499999996,240,3225
2022-11-23 23:55:26.780000,50.140699,50.142566,50.141223,50.139565,50.14101325,240,3225
2022-11-23 23:55:26.800000,50.140283,50.141853,50.141297,50.140037,50.1408675,240,3225
2022-11-23 23:55:26.820000,50.139944,50.140972,50.140711,50.141908,50.14088375,240,3225
2022-11-23 23:55:26.840000,50.139637,50.140818,50.140317,50.141861,50.14065825,240,3225
2022-11-23 23:55:26.860000,50.139462,50.141116,50.140097,50.141324,50.14049975,240,3225
2022-11-23 23:55:26.880000,50.13981,50.140338,50.140095,50.141971,50.140553499999996,240,3225
2022-11-23 23:55:26.900000,50.13963,50.13907,50.140258,50.139426,50.139596,240,3225
2022-11-23 23:55:26.920000,50.140115,50.138889,50.140464,50.140611,50.14001975,240,3225
2022-11-23 23:55:26.940000,50.142075,50.139838,50.140839,50.140574,50.140831500000004,240,3225
2022-11-23 23:55:26.960000,50.142371,50.141041,50.14083,50.139677,50.14097975,240,3225
2022-11-23 23:55:26.980000,50.140723,50.141727,50.140599,50.139564,50.14065325000001,240,3225
2022-11-23 23:55:27.000000,50.140013,50.141672,50.140363,50.140435,50.140620750000004,240,3225
2022-11-23 23:55:27.020000,50.139805,50.140514,50.140075,50.140565,50.140239750000006,240,3225
2022-11-23 23:55:27.040000,50.139209,50.139193,50.140124,50.141009,50.139883749999996,240,3225
2022-11-23 23:55:27.060000,50.139255,50.139245,50.139889,50.140704,50.13977325,240,3225
2022-11-23 23:55:27.080000,50.140033,50.14013,50.139176,50.141087,50.1401065,240,3225
2022-11-23 23:55:27.100000,50.14047,50.140801,50.139199,50.139713,50.14004575,240,3225
2022-11-23 23:55:27.120000,50.140043,50.141277,50.140046,50.13969,50.140263999999995,240,3225
2022-11-23 23:55:27.140000,50.139227,50.140954,50.140776,50.139611,50.140142,240,3225
2022-11-23 23:55:27.160000,50.13875,50.140329,50.141035,50.139991,50.140026250000005,240,3225
2022-11-23 23:55:27.180000,50.138922,50.14,50.141109,50.138458,50.13962225,240,3225
2022-11-23 23:55:27.200000,50.139676,50.139528,50.140647,50.138218,50.13951725,240,3225
2022-11-23 23:55:27.220000,50.139713,50.139462,50.14011,50.140546,50.13995775,240,3225
2022-11-23 23:55:27.240000,50.13936,50.140514,50.139374,50.141815,50.140265750000005,240,3225
2022-11-23 23:55:27.260000,50.140213,50.141555,50.138707,50.141935,50.1406025,240,3225
2022-11-23 23:55:27.280000,50.140848,50.141121,50.138424,50.14027,50.140165749999994,240,3225
2022-11-23 23:55:27.300000,50.140236,50.140236,50.13839,50.139585,50.13961175,240,3225
2022-11-23 23:55:27.320000,50.139254,50.141069,50.139063,50.139738,50.139781,240,3225
2022-11-23 23:55:27.340000,50.139023,50.14244,50.139896,50.139025,50.140096,240,3225
2022-11-23 23:55:27.360000,50.139375,50.142504,50.140255,50.139436,50.140392500000004,240,3225
2022-11-23 23:55:27.380000,50.139449,50.140537,50.140697,50.139036,50.13992975,240,3225
2022-11-23 23:55:27.400000,50.139856,50.138602,50.140787,50.140134,50.139844749999995,240,3225
2022-11-23 23:55:27.420000,50.140505,50.138843,50.140269,50.140145,50.1399405,240,3225
2022-11-23 23:55:27.440000,50.140398,50.139962,50.139343,50.139567,50.1398175,240,3225
2022-11-23 23:55:27.460000,50.140083,50.140324,50.139011,50.140436,50.1399635,240,3225
2022-11-23 23:55:27.480000,50.139467,50.139764,50.139338,50.140806,50.139843750000004,240,3225
2022-11-23 23:55:27.500000,50.139111,50.140167,50.139364,50.139032,50.139418500000005,240,3225
2022-11-23 23:55:27.520000,50.139889,50.141167,50.138938,50.139299,50.13982325,240,3225
2022-11-23 23:55:27.540000,50.140648,50.140287,50.138498,50.139587,50.139755,240,3225
2022-11-23 23:55:27.560000,50.140708,50.138958,50.138929,50.140031,50.139656499999994,240,3225
2022-11-23 23:55:27.580000,50.140528,50.139912,50.140032,50.139579,50.14001275,240,3225
2022-11-23 23:55:27.600000,50.140227,50.141037,50.140842,50.135828,50.1394835,240,3225
2022-11-23 23:55:27.620000,50.139672,50.140014,50.141157,50.141816,50.14066475,240,3225
2022-11-23 23:55:27.640000,50.139551,50.138662,50.140906,50.140396,50.13987875,240,3225
2022-11-23 23:55:27.660000,50.140388,50.139616,50.140245,50.142505,50.140688499999996,240,3225
2022-11-23 23:55:27.680000,50.141583,50.141495,50.140045,50.142074,50.141299249999996,240,3225
2022-11-23 23:55:27.700000,50.14169,50.14238,50.140455,50.14044,50.14124125000001,240,3225
2022-11-23 23:55:27.720000,50.140463,50.141768,50.140985,50.1415,50.141179,240,3225
2022-11-23 23:55:27.740000,50.139518,50.140667,50.140553,50.139723,50.14011525,240,3225
2022-11-23 23:55:27.760000,50.139839,50.140194,50.140376,50.139305,50.1399285,240,3225
2022-11-23 23:55:27.780000,50.141009,50.140721,50.140877,50.139894,50.14062525,240,3225
2022-11-23 23:55:27.800000,50.141309,50.14131,50.141063,50.142083,50.14144125,240,3225
2022-11-23 23:55:27.820000,50.140403,50.141125,50.141119,50.141074,50.140930250000004,240,3225
2022-11-23 23:55:27.840000,50.139686,50.140824,50.141331,50.141138,50.140744749999996,240,3225
2022-11-23 23:55:27.860000,50.139828,50.140227,50.141264,50.142047,50.1408415,240,3225
2022-11-23 23:55:27.880000,50.140588,50.139417,50.140832,50.140879,50.140429,240,3225
2022-11-23 23:55:27.900000,50.141041,50.139579,50.140458,50.140648,50.1404315,240,3225
2022-11-23 23:55:27.920000,50.141241,50.140769,50.140489,50.139602,50.14052525,240,3225
2022-11-23 23:55:27.940000,50.141917,50.141644,50.140481,50.1395,50.140885499999996,240,3225
2022-11-23 23:55:27.960000,50.141101,50.141574,50.140492,50.140203,50.140842500000005,240,3225
2022-11-23 23:55:27.980000,50.139426,50.140796,50.140722,50.140185,50.140282250000006,240,3225
2022-11-23 23:55:28.000000,50.139681,50.140421,50.141257,50.140685,50.140511,240,3225
2022-11-23 23:55:28.020000,50.140634,50.140499,50.142086,50.141139,50.1410895,240,3225
2022-11-23 23:55:28.040000,50.141065,50.140509,50.14249,50.141787,50.14146275,240,3225
2022-11-23 23:55:28.060000,50.141449,50.140654,50.141925,50.143204,50.141808000000005,240,3225
2022-11-23 23:55:28.080000,50.141857,50.140685,50.140388,50.141773,50.14117575,240,3225
2022-11-23 23:55:28.100000,50.141917,50.140065,50.139779,50.139995,50.140439,240,3225
2022-11-23 23:55:28.120000,50.141217,50.139333,50.140073,50.141834,50.14061425,240,3225
2022-11-23 23:55:28.140000,50.140217,50.139559,50.14055,50.140361,50.14017174999999,240,3225
2022-11-23 23:55:28.160000,50.140508,50.140987,50.141491,50.139075,50.14051525,240,3225
2022-11-23 23:55:28.180000,50.142087,50.141643,50.14232,50.140805,50.141713749999994,240,3225
2022-11-23 23:55:28.200000,50.142601,50.141036,50.142578,50.141732,50.14198675,240,3225
2022-11-23 23:55:28.220000,50.141223,50.140439,50.142424,50.141343,50.14135725,240,3225
2022-11-23 23:55:28.240000,50.140763,50.140588,50.142027,50.142685,50.14151575,240,3225
2022-11-23 23:55:28.260000,50.141512,50.141242,50.141724,50.142306,50.141695999999996,240,3225
2022-11-23 23:55:28.280000,50.141047,50.141273,50.1417,50.141148,50.14129199999999,240,3225
2022-11-23 23:55:28.300000,50.140811,50.141162,50.141775,50.141343,50.14127275,240,3225
2022-11-23 23:55:28.320000,50.141386,50.141736,50.141422,50.140574,50.141279499999996,240,3225
2022-11-23 23:55:28.340000,50.141749,50.14144,50.140824,50.140519,50.141132999999996,240,3225
2022-11-23 23:55:28.360000,50.142072,50.140176,50.141312,50.141453,50.141253250000005,240,3225
2022-11-23 23:55:28.380000,50.141932,50.139556,50.141856,50.141676,50.141254999999994,240,3225
2022-11-23 23:55:28.400000,50.141237,50.140311,50.141783,50.141028,50.14108975,240,3225
2022-11-23 23:55:28.420000,50.141663,50.140902,50.141534,50.142444,50.141635750000006,240,3225
2022-11-23 23:55:28.440000,50.142331,50.140209,50.141522,50.143305,50.14184175,240,3225
2022-11-23 23:55:28.460000,50.141289,50.139436,50.141365,50.142472,50.1411405,240,3225
2022-11-23 23:55:28.480000,50.140336,50.139685,50.140321,50.139713,50.14001375,240,3225
2022-11-23 23:55:28.500000,50.141169,50.141485,50.138416,50.139296,50.140091500000004,240,3225
2022-11-23 23:55:28.520000,50.142039,50.142643,50.137457,50.14088,50.140754750000006,240,3225
2022-11-23 23:55:28.540000,50.141564,50.141875,50.138702,50.141388,50.140882250000004,240,3225
2022-11-23 23:55:28.560000,50.140555,50.141158,50.139985,50.140667,50.14059125,240,3225
2022-11-23 23:55:28.580000,50.140343,50.141079,50.140801,50.141546,50.14094225,240,3225
2022-11-23 23:55:28.600000,50.141041,50.140426,50.141865,50.141676,50.141251999999994,240,3225
2022-11-23 23:55:28.620000,50.141132,50.139658,50.142076,50.14031,50.140794,240,3225
2022-11-23 23:55:28.640000,50.139888,50.13962,50.141217,50.141209,50.1404835,240,3225
2022-11-23 23:55:28.660000,50.140357,50.139528,50.140191,50.141241,50.14032925,240,3225
2022-11-23 23:55:28.680000,50.141981,50.139681,50.139234,50.141111,50.140501750000006,240,3225
2022-11-23 23:55:28.700000,50.141037,50.140449,50.138128,50.139593,50.13980175,240,3225
2022-11-23 23:55:28.720000,50.139501,50.140874,50.138588,50.139731,50.1396735,240,3225
2022-11-23 23:55:28.740000,50.140375,50.140785,50.14212,50.137352,50.140158,240,3225
2022-11-23 23:55:28.760000,50.141281,50.141449,50.144397,50.138297,50.141355999999995,240,3225
2022-11-23 23:55:28.780000,50.141143,50.141644,50.143818,50.140472,50.141769249999996,240,3225
2022-11-23 23:55:28.800000,50.141019,50.140526,50.142878,50.140991,50.141353499999994,240,3225
2022-11-23 23:55:28.820000,50.140324,50.13961,50.141899,50.141871,50.140926,240,3225
2022-11-23 23:55:28.840000,50.140014,50.139354,50.141094,50.140435,50.14022425,240,3225
2022-11-23 23:55:28.860000,50.141074,50.139495,50.140904,50.139778,50.14031275,240,3225
2022-11-23 23:55:28.880000,50.141014,50.140009,50.140972,50.140782,50.14069425,240,3225
2022-11-23 23:55:28.900000,50.140366,50.141014,50.140199,50.140968,50.14063675,240,3225
2022-11-23 23:55:28.920000,50.141092,50.141328,50.139208,50.139583,50.140302750000004,240,3225
2022-11-23 23:55:28.940000,50.141528,50.140826,50.138872,50.138445,50.139917749999995,240,3225
2022-11-23 23:55:28.960000,50.141,50.14008,50.13931,50.140435,50.14020625,240,3225
2022-11-23 23:55:28.980000,50.140523,50.139122,50.140292,50.140722,50.14016475,240,3225
2022-11-23 23:55:29.000000,50.140347,50.139534,50.140969,50.14126,50.14052749999999,240,3225
2022-11-23 23:55:29.020000,50.140186,50.14087,50.140926,50.139472,50.14036350000001,240,3225
2022-11-23 23:55:29.040000,50.140181,50.141351,50.14045,50.142204,50.1410465,240,3225
2022-11-23 23:55:29.060000,50.139907,50.140601,50.140096,50.141796,50.1406,240,3225
2022-11-23 23:55:29.080000,50.139963,50.14025,50.140135,50.140296,50.140161,240,3225
2022-11-23 23:55:29.100000,50.140954,50.140777,50.140101,50.139537,50.140342249999996,240,3225
2022-11-23 23:55:29.120000,50.140398,50.141316,50.139972,50.140158,50.140461,240,3225
2022-11-23 23:55:29.140000,50.138408,50.141259,50.139541,50.138731,50.13948475,240,3225
2022-11-23 23:55:29.160000,50.138986,50.141269,50.13957,50.139315,50.139785,240,3225
2022-11-23 23:55:29.180000,50.141038,50.14101,50.140236,50.139897,50.140545249999995,240,3225
2022-11-23 23:55:29.200000,50.140842,50.14095,50.140461,50.141778,50.14100775,240,3225
2022-11-23 23:55:29.220000,50.139939,50.141027,50.140371,50.142037,50.1408435,240,3225
2022-11-23 23:55:29.240000,50.13988,50.141523,50.140128,50.1405,50.14050775,240,3225
2022-11-23 23:55:29.260000,50.1397,50.141384,50.139941,50.14062,50.14041125,240,3225
2022-11-23 23:55:29.280000,50.139602,50.140422,50.139631,50.139731,50.139846500000004,240,3225
2022-11-23 23:55:29.300000,50.139398,50.140255,50.139011,50.136407,50.13876775,240,3225
2022-11-23 23:55:29.320000,50.139018,50.140513,50.138992,50.138306,50.13920725,240,3225
2022-11-23 23:55:29.340000,50.139926,50.139973,50.139382,50.139167,50.139612,240,3225
2022-11-23 23:55:29.360000,50.14126,50.140125,50.140091,50.141056,50.140632999999994,240,3225
2022-11-23 23:55:29.380000,50.140805,50.141185,50.140402,50.141751,50.14103575,240,3225
2022-11-23 23:55:29.400000,50.140078,50.141652,50.140132,50.140856,50.140679500000005,240,3225
2022-11-23 23:55:29.420000,50.140241,50.141481,50.14046,50.141782,50.140991,240,3225
2022-11-23 23:55:29.440000,50.140273,50.141393,50.140518,50.139996,50.140545,240,3225
2022-11-23 23:55:29.460000,50.139846,50.141371,50.140196,50.139597,50.1402525,240,3225
2022-11-23 23:55:29.480000,50.139382,50.141611,50.139847,50.141528,50.140592,240,3225
2022-11-23 23:55:29.500000,50.139459,50.142338,50.139519,50.140143,50.14036475,240,3225
2022-11-23 23:55:29.520000,50.139755,50.142699,50.139702,50.139583,50.14043475,240,3225
2022-11-23 23:55:29.540000,50.139787,50.142251,50.139388,50.138875,50.140075249999995,240,3225
2022-11-23 23:55:29.560000,50.139212,50.141112,50.13948,50.13932,50.139781,240,3225
2022-11-23 23:55:29.580000,50.139175,50.140176,50.140199,50.137903,50.139363249999995,240,3225
2022-11-23 23:55:29.600000,50.139714,50.140328,50.140181,50.142375,50.140649499999995,240,3225
2022-11-23 23:55:29.620000,50.139819,50.141426,50.139796,50.14057,50.14040275,240,3225
2022-11-23 23:55:29.640000,50.140105,50.141954,50.139738,50.142324,50.14103025,240,3225
2022-11-23 23:55:29.660000,50.140491,50.141763,50.140248,50.140451,50.14073825,240,3225
2022-11-23 23:55:29.680000,50.140751,50.141365,50.140705,50.140939,50.14094,240,3225
2022-11-23 23:55:29.700000,50.141115,50.141213,50.140748,50.141959,50.141258750000006,240,3225
2022-11-23 23:55:29.720000,50.141094,50.14171,50.140419,50.139602,50.14070625,240,3225
2022-11-23 23:55:29.740000,50.140409,50.141639,50.139842,50.140672,50.1406405,240,3225
2022-11-23 23:55:29.760000,50.140419,50.140852,50.140254,50.141664,50.14079725,240,3225
2022-11-23 23:55:29.780000,50.141402,50.139846,50.141285,50.140834,50.14084175000001,240,3225
2022-11-23 23:55:29.800000,50.141245,50.139852,50.14202,50.141393,50.141127499999996,240,3225
2022-11-23 23:55:29.820000,50.140546,50.140921,50.142626,50.142627,50.14168,240,3225
2022-11-23 23:55:29.840000,50.141695,50.142375,50.14299,50.142386,50.14236149999999,240,3225
2022-11-23 23:55:29.860000,50.142986,50.142764,50.142998,50.143445,50.14304825000001,240,3225
2022-11-23 23:55:29.880000,50.141889,50.141787,50.142899,50.142114,50.14217225,240,3225
2022-11-23 23:55:29.900000,50.140875,50.141269,50.142965,50.141633,50.141685499999994,240,3225
2022-11-23 23:55:29.920000,50.142274,50.141473,50.142772,50.142387,50.14222650000001,240,3225
2022-11-23 23:55:29.940000,50.143278,50.141648,50.142193,50.142361,50.14237,240,3225
2022-11-23 23:55:29.960000,50.142652,50.141908,50.141931,50.142088,50.14214475,240,3225
2022-11-23 23:55:29.980000,50.142263,50.142115,50.141876,50.141668,50.1419805,240,3225
2022-11-23 23:55:30.000000,50.142936,50.142749,50.142438,50.142362,50.14262125,240,3225
2022-11-23 23:55:30.020000,50.143203,50.143097,50.143055,50.143879,50.143308499999996,240,3225
2022-11-23 23:55:30.040000,50.142269,50.142334,50.143234,50.143453,50.1428225,240,3225
2022-11-23 23:55:30.060000,50.141834,50.142306,50.143706,50.142935,50.14269525,240,3225
2022-11-23 23:55:30.080000,50.142806,50.143134,50.144145,50.143333,50.1433545,240,3225
2022-11-23 23:55:30.100000,50.14343,50.143486,50.143756,50.14237,50.143260500000004,240,3225
2022-11-23 23:55:30.120000,50.143179,50.142584,50.143162,50.142194,50.14277975,240,3225
2022-11-23 23:55:30.140000,50.143338,50.141199,50.14339,50.142357,50.142571000000004,240,3225
2022-11-23 23:55:30.160000,50.14369,50.140749,50.14379,50.143222,50.14286275,240,3225
2022-11-23 23:55:30.180000,50.14388,50.140968,50.143453,50.144023,50.143081,240,3225
2022-11-23 23:55:30.200000,50.144041,50.141751,50.143588,50.144167,50.143386750000005,240,3225
2022-11-23 23:55:30.220000,50.143948,50.143152,50.143664,50.143565,50.14358225,240,3225
2022-11-23 23:55:30.240000,50.143718,50.143615,50.143574,50.143259,50.1435415,240,3225
2022-11-23 23:55:30.260000,50.14387,50.143398,50.14376,50.143176,50.143551,240,3225
2022-11-23 23:55:30.280000,50.144235,50.143292,50.143949,50.143704,50.143795,240,3225
2022-11-23 23:55:30.300000,50.144139,50.143381,50.144323,50.142694,50.143634250000005,240,3225
2022-11-23 23:55:30.320000,50.144288,50.143477,50.144077,50.143648,50.1438725,240,3225
2022-11-23 23:55:30.340000,50.144847,50.143388,50.143588,50.143825,50.143912,240,3225
2022-11-23 23:55:30.360000,50.144773,50.142675,50.14341,50.143926,50.143696,240,3225
2022-11-23 23:55:30.380000,50.143768,50.141687,50.143325,50.143602,50.1430955,240,3225
2022-11-23 23:55:30.400000,50.143121,50.142187,50.143503,50.143593,50.143101,240,3225
2022-11-23 23:55:30.420000,50.143657,50.143732,50.143689,50.144445,50.143880749999994,240,3225
2022-11-23 23:55:30.440000,50.144722,50.144485,50.143899,50.144602,50.144427,240,3225
2022-11-23 23:55:30.460000,50.145162,50.144772,50.143903,50.144148,50.14449625,240,3225
2022-11-23 23:55:30.480000,50.144797,50.144837,50.143956,50.143324,50.144228500000004,240,3225
2022-11-23 23:55:30.500000,50.144037,50.144241,50.143707,50.14363,50.14390375,240,3225
2022-11-23 23:55:30.520000,50.143292,50.143513,50.143037,50.14412,50.1434905,240,3225
2022-11-23 23:55:30.540000,50.142778,50.143232,50.143021,50.142444,50.142868750000005,240,3225
2022-11-23 23:55:30.560000,50.143305,50.143296,50.143046,50.144509,50.143539,240,3225
2022-11-23 23:55:30.580000,50.144855,50.143504,50.142884,50.144602,50.14396125,240,3225
2022-11-23 23:55:30.600000,50.14507,50.143977,50.143621,50.145565,50.14455825,240,3225
2022-11-23 23:55:30.620000,50.143884,50.144111,50.144184,50.144352,50.14413275,240,3225
2022-11-23 23:55:30.640000,50.143864,50.144232,50.143771,50.144991,50.144214500000004,240,3225
2022-11-23 23:55:30.660000,50.144367,50.144384,50.142972,50.14374,50.14386575,240,3225
2022-11-23 23:55:30.680000,50.143808,50.144246,50.142971,50.142574,50.14339975,240,3225
2022-11-23 23:55:30.700000,50.143318,50.145009,50.143339,50.142519,50.14354625,240,3225
2022-11-23 23:55:30.720000,50.143784,50.145509,50.143753,50.143472,50.1441295,240,3225
2022-11-23 23:55:30.740000,50.144715,50.144054,50.144107,50.143926,50.1442005,240,3225
2022-11-23 23:55:30.760000,50.145076,50.143273,50.144316,50.144953,50.14440450000001,240,3225
2022-11-23 23:55:30.780000,50.144328,50.144816,50.144702,50.146398,50.145061,240,3225
2022-11-23 23:55:30.800000,50.142719,50.146541,50.144614,50.144713,50.14464675,240,3225
2022-11-23 23:55:30.820000,50.142069,50.146852,50.14453,50.144231,50.144420499999995,240,3225
2022-11-23 23:55:30.840000,50.143039,50.145514,50.144828,50.144436,50.144454249999995,240,3225
2022-11-23 23:55:30.860000,50.143711,50.144723,50.144548,50.144027,50.144252249999994,240,3225
2022-11-23 23:55:30.880000,50.144255,50.145069,50.144404,50.144389,50.14452925,240,3225
2022-11-23 23:55:30.900000,50.144512,50.14575,50.144997,50.144805,50.145016,240,3225
2022-11-23 23:55:30.920000,50.144028,50.145801,50.145556,50.14413,50.14487875,240,3225
2022-11-23 23:55:30.940000,50.144051,50.145486,50.145919,50.143842,50.1448245,240,3225
2022-11-23 23:55:30.960000,50.144315,50.145084,50.145477,50.146111,50.14524675,240,3225
2022-11-23 23:55:30.980000,50.144513,50.144732,50.144607,50.145741,50.14489825,240,3225
2022-11-23 23:55:31.000000,50.145111,50.144806,50.143587,50.145,50.144626,240,3225
2022-11-23 23:55:31.020000,50.145237,50.145815,50.143698,50.144056,50.144701500000004,240,3225
2022-11-23 23:55:31.040000,50.144516,50.14682,50.144694,50.144833,50.145215750000006,240,3225
2022-11-23 23:55:31.060000,50.144444,50.147204,50.145539,50.144018,50.14530125,240,3225
2022-11-23 23:55:31.080000,50.145101,50.147331,50.146,50.144407,50.145709749999995,240,3225
2022-11-23 23:55:31.100000,50.144723,50.146724,50.146055,50.145333,50.14570875,240,3225
2022-11-23 23:55:31.120000,50.143482,50.145363,50.145914,50.145158,50.144979250000006,240,3225
2022-11-23 23:55:31.140000,50.144365,50.145326,50.1456,50.144675,50.1449915,240,3225
2022-11-23 23:55:31.160000,50.146324,50.146787,50.145011,50.145834,50.14598900000001,240,3225
2022-11-23 23:55:31.180000,50.146714,50.147559,50.144727,50.146093,50.14627325000001,240,3225
2022-11-23 23:55:31.200000,50.145917,50.147235,50.145125,50.146833,50.1462775,240,3225
2022-11-23 23:55:31.220000,50.145551,50.146596,50.146022,50.145269,50.1458595,240,3225
2022-11-23 23:55:31.240000,50.146129,50.146613,50.146347,50.145815,50.146226,240,3225
2022-11-23 23:55:31.260000,50.14674,50.147028,50.146553,50.145305,50.1464065,240,3225
2022-11-23 23:55:31.280000,50.146686,50.147116,50.146994,50.146232,50.146757,240,3225
2022-11-23 23:55:31.300000,50.146629,50.146903,50.147447,50.145537,50.146629,240,3225
2022-11-23 23:55:31.320000,50.146866,50.146448,50.147331,50.147259,50.146976,240,3225
2022-11-23 23:55:31.340000,50.146722,50.145468,50.147229,50.147064,50.146620750000004,240,3225
2022-11-23 23:55:31.360000,50.146496,50.144664,50.146948,50.146824,50.146233,240,3225
2022-11-23 23:55:31.380000,50.146847,50.1458,50.146523,50.145565,50.14618375,240,3225
2022-11-23 23:55:31.400000,50.147472,50.148185,50.146371,50.148083,50.147527749999995,240,3225
2022-11-23 23:55:31.420000,50.147931,50.148754,50.146523,50.148556,50.147941,240,3225
2022-11-23 23:55:31.440000,50.148205,50.14798,50.146721,50.145805,50.14717775,240,3225
2022-11-23 23:55:31.460000,50.147272,50.147133,50.146969,50.147649,50.14725575,240,3225
2022-11-23 23:55:31.480000,50.145754,50.146592,50.1474,50.147222,50.146741999999996,240,3225
2022-11-23 23:55:31.500000,50.14682,50.147004,50.147695,50.147556,50.14726875,240,3225
2022-11-23 23:55:31.520000,50.148422,50.147667,50.14783,50.147713,50.147908,240,3225
2022-11-23 23:55:31.540000,50.148093,50.147481,50.14785,50.14813,50.1478885,240,3225
2022-11-23 23:55:31.560000,50.148457,50.146981,50.147975,50.148694,50.14802675,240,3225
2022-11-23 23:55:31.580000,50.149329,50.146899,50.147956,50.148954,50.1482845,240,3225
2022-11-23 23:55:31.600000,50.148477,50.147398,50.147945,50.149083,50.148225749999995,240,3225
2022-11-23 23:55:31.620000,50.147532,50.148171,50.148368,50.148907,50.148244500000004,240,3225
2022-11-23 23:55:31.640000,50.147796,50.149181,50.149135,50.148394,50.1486265,240,3225
2022-11-23 23:55:31.660000,50.148458,50.14925,50.149462,50.147986,50.148789,240,3225
2022-11-23 23:55:31.680000,50.148696,50.14793,50.14867,50.1475,50.148199000000005,240,3225
2022-11-23 23:55:31.700000,50.148329,50.146844,50.147973,50.149046,50.148048,240,3225
2022-11-23 23:55:31.720000,50.147939,50.146695,50.147667,50.149436,50.14793425,240,3225
2022-11-23 23:55:31.740000,50.14881,50.147513,50.147292,50.148917,50.148133,240,3225
2022-11-23 23:55:31.760000,50.149727,50.148913,50.147498,50.149597,50.148933750000005,240,3225
2022-11-23 23:55:31.780000,50.148907,50.149682,50.148077,50.149977,50.14916075,240,3225
2022-11-23 23:55:31.800000,50.148101,50.149654,50.148438,50.148745,50.148734499999996,240,3225
2022-11-23 23:55:31.820000,50.148463,50.149217,50.148301,50.149315,50.148824,240,3225
2022-11-23 23:55:31.840000,50.148722,50.148804,50.148467,50.148745,50.148684499999995,240,3225
2022-11-23 23:55:31.860000,50.149477,50.148208,50.149781,50.149315,50.14919525,240,3225
2022-11-23 23:55:31.880000,50.150314,50.148361,50.151284,50.148611,50.1496425,240,3225
2022-11-23 23:55:31.900000,50.150486,50.149143,50.151537,50.15056,50.150431499999996,240,3225
2022-11-23 23:55:31.920000,50.150395,50.149024,50.150986,50.149865,50.1500675,240,3225
2022-11-23 23:55:31.940000,50.149838,50.148603,50.150684,50.151804,50.150232249999995,240,3225
2022-11-23 23:55:31.960000,50.148699,50.149412,50.15074,50.149868,50.14967975,240,3225
2022-11-23 23:55:31.980000,50.149319,50.150435,50.150282,50.150687,50.150180750000004,240,3225
2022-11-23 23:55:32.000000,50.150918,50.151314,50.149428,50.150153,50.15045325,240,3225
2022-11-23 23:55:32.020000,50.150421,50.151287,50.148929,50.149264,50.14997525,240,3225
2022-11-23 23:55:32.040000,50.149504,50.150213,50.148879,50.148236,50.149208,240,3225
2022-11-23 23:55:32.060000,50.150213,50.149135,50.149107,50.149557,50.14950300000001,240,3225
2022-11-23 23:55:32.080000,50.150703,50.148907,50.149684,50.14958,50.149718500000006,240,3225
2022-11-23 23:55:32.100000,50.150096,50.149431,50.150491,50.151104,50.1502805,240,3225
2022-11-23 23:55:32.120000,50.149901,50.150584,50.151083,50.151126,50.1506735,240,3225
2022-11-23 23:55:32.140000,50.150884,50.151727,50.151389,50.150985,50.15124625,240,3225
2022-11-23 23:55:32.160000,50.151986,50.151579,50.151686,50.152346,50.15189924999999,240,3225
2022-11-23 23:55:32.180000,50.152245,50.150565,50.151469,50.149717,50.150999,240,3225
2022-11-23 23:55:32.200000,50.151393,50.14962,50.150475,50.150129,50.150404249999994,240,3225
2022-11-23 23:55:32.220000,50.150731,50.14956,50.149868,50.149189,50.149837,240,3225
2022-11-23 23:55:32.240000,50.151228,50.150768,50.150028,50.150704,50.150681999999996,240,3225
2022-11-23 23:55:32.260000,50.151277,50.150912,50.150456,50.150421,50.150766499999996,240,3225
2022-11-23 23:55:32.280000,50.15074,50.149329,50.150832,50.150831,50.15043300000001,240,3225
2022-11-23 23:55:32.300000,50.150634,50.149134,50.151548,50.151513,50.150707249999996,240,3225
2022-11-23 23:55:32.320000,50.150773,50.15087,50.152049,50.151225,50.15122925,240,3225
2022-11-23 23:55:32.340000,50.151372,50.152024,50.151924,50.151125,50.15161125,240,3225
2022-11-23 23:55:32.360000,50.151779,50.152334,50.151394,50.14987,50.15134425,240,3225
2022-11-23 23:55:32.380000,50.151381,50.152112,50.150651,50.150986,50.15128250000001,240,3225
2022-11-23 23:55:32.400000,50.151699,50.151616,50.150467,50.150255,50.15100925,240,3225
2022-11-23 23:55:32.420000,50.152574,50.151329,50.150911,50.150689,50.15137575,240,3225
2022-11-23 23:55:32.440000,50.152084,50.150754,50.151366,50.152093,50.15157425,240,3225
2022-11-23 23:55:32.460000,50.151412,50.150508,50.151882,50.15137,50.151292999999995,240,3225
2022-11-23 23:55:32.480000,50.152009,50.15157,50.152184,50.152102,50.15196625,240,3225
2022-11-23 23:55:32.500000,50.15232,50.152849,50.152042,50.152088,50.15232475,240,3225
2022-11-23 23:55:32.520000,50.151504,50.152454,50.152085,50.151629,50.151917999999995,240,3225
2022-11-23 23:55:32.540000,50.151436,50.151416,50.152369,50.151806,50.15175675,240,3225
2022-11-23 23:55:32.560000,50.152671,50.150944,50.152563,50.15113,50.151827000000004,240,3225
2022-11-23 23:55:32.580000,50.153231,50.151653,50.152019,50.15212,50.15225575,240,3225
2022-11-23 23:55:32.600000,50.152666,50.152792,50.151327,50.151759,50.152136,240,3225
2022-11-23 23:55:32.620000,50.151399,50.152662,50.151179,50.152232,50.151868,240,3225
2022-11-23 23:55:32.640000,50.150852,50.151903,50.151437,50.151157,50.15133725,240,3225
2022-11-23 23:55:32.660000,50.152313,50.151806,50.152191,50.154398,50.152677,240,3225
2022-11-23 23:55:32.680000,50.153074,50.152333,50.152649,50.153639,50.15292375,240,3225
2022-11-23 23:55:32.700000,50.152301,50.152921,50.152815,50.154037,50.1530185,240,3225
2022-11-23 23:55:32.720000,50.152704,50.153324,50.152415,50.15251,50.15273825,240,3225
2022-11-23 23:55:32.740000,50.15343,50.153704,50.152514,50.153583,50.153307749999996,240,3225
2022-11-23 23:55:32.760000,50.152555,50.154056,50.153662,50.15225,50.15313075,240,3225
2022-11-23 23:55:32.780000,50.152329,50.153903,50.154195,50.152732,50.15328975,240,3225
2022-11-23 23:55:32.800000,50.153171,50.152981,50.153478,50.153397,50.15325675,240,3225
2022-11-23 23:55:32.820000,50.152892,50.152851,50.152629,50.15325,50.1529055,240,3225
2022-11-23 23:55:32.840000,50.152615,50.153764,50.152842,50.154917,50.15353449999999,240,3225
2022-11-23 23:55:32.860000,50.152832,50.154343,50.153762,50.155139,50.154019,240,3225
2022-11-23 23:55:32.880000,50.152389,50.155232,50.154633,50.153769,50.154005749999996,240,3225
2022-11-23 23:55:32.900000,50.15275,50.155778,50.155323,50.154527,50.1545945,240,3225
2022-11-23 23:55:32.920000,50.153918,50.154912,50.154875,50.153528,50.15430825,240,3225
2022-11-23 23:55:32.940000,50.153041,50.154287,50.153767,50.153444,50.15363475,240,3225
2022-11-23 23:55:32.960000,50.152802,50.154384,50.15352,50.153306,50.153503,240,3225
2022-11-23 23:55:32.980000,50.154633,50.154208,50.153678,50.154324,50.15421075,240,3225
2022-11-23 23:55:33.000000,50.155141,50.153823,50.154129,50.154852,50.154486250000005,240,3225
2022-11-23 23:55:33.020000,50.153949,50.153667,50.154501,50.155138,50.15431375,240,3225
2022-11-23 23:55:33.040000,50.153899,50.153765,50.154465,50.155389,50.154379500000005,240,3225
2022-11-23 23:55:33.060000,50.154485,50.153963,50.154102,50.155204,50.1544385,240,3225
2022-11-23 23:55:33.080000,50.154735,50.154939,50.154057,50.153185,50.154229,240,3225
2022-11-23 23:55:33.100000,50.154774,50.15594,50.154779,50.151241,50.1541835,240,3225
2022-11-23 23:55:33.120000,50.154332,50.155281,50.155331,50.155583,50.15513175,240,3225
2022-11-23 23:55:33.140000,50.154309,50.154513,50.155781,50.153324,50.154481749999995,240,3225
2022-11-23 23:55:33.160000,50.155227,50.154644,50.156215,50.155222,50.155327,240,3225
2022-11-23 23:55:33.180000,50.155249,50.154593,50.155912,50.156417,50.15554275,240,3225
2022-11-23 23:55:33.200000,50.15476,50.154676,50.15575,50.155666,50.155213,240,3225
2022-11-23 23:55:33.220000,50.155286,50.154463,50.155384,50.155185,50.1550795,240,3225
2022-11-23 23:55:33.240000,50.156051,50.153672,50.154547,50.15639,50.155165,240,3225
2022-11-23 23:55:33.260000,50.155806,50.152606,50.153873,50.155564,50.15446225,240,3225
2022-11-23 23:55:33.280000,50.154977,50.152384,50.153778,50.153759,50.1537245,240,3225
2022-11-23 23:55:33.300000,50.154772,50.154239,50.154199,50.153991,50.15430025,240,3225
2022-11-23 23:55:33.320000,50.155741,50.156007,50.154574,50.154463,50.155196249999996,240,3225
2022-11-23 23:55:33.340000,50.156566,50.156058,50.154793,50.154431,50.155462,240,3225
2022-11-23 23:55:33.360000,50.15631,50.155524,50.155015,50.155791,50.15566,240,3225
2022-11-23 23:55:33.380000,50.15587,50.154787,50.155529,50.155223,50.15535225,240,3225
2022-11-23 23:55:33.400000,50.155985,50.154028,50.155963,50.156334,50.15557750000001,240,3225
2022-11-23 23:55:33.420000,50.155337,50.154144,50.155898,50.155712,50.15527275,240,3225
2022-11-23 23:55:33.440000,50.154166,50.154434,50.155814,50.155149,50.15489075,240,3225
2022-11-23 23:55:33.460000,50.155129,50.154224,50.155658,50.154166,50.15479425,240,3225
2022-11-23 23:55:33.480000,50.156829,50.153865,50.155551,50.154019,50.155066000000005,240,3225
2022-11-23 23:55:33.500000,50.156408,50.153694,50.155713,50.155101,50.155229,240,3225
2022-11-23 23:55:33.520000,50.155051,50.153899,50.155782,50.153926,50.15466450000001,240,3225
2022-11-23 23:55:33.540000,50.154088,50.154574,50.155367,50.155231,50.154815,240,3225
2022-11-23 23:55:33.560000,50.154055,50.155318,50.155172,50.154167,50.154678,240,3225
2022-11-23 23:55:33.580000,50.154765,50.155377,50.155079,50.156399,50.155404999999995,240,3225
2022-11-23 23:55:33.600000,50.15512,50.154208,50.154635,50.153509,50.15436799999999,240,3225
2022-11-23 23:55:33.620000,50.154971,50.15263,50.153589,50.154871,50.15401525,240,3225
2022-11-23 23:55:33.640000,50.155602,50.152369,50.152722,50.154009,50.1536755,240,3225
2022-11-23 23:55:33.660000,50.156562,50.154527,50.153412,50.154398,50.15472475,240,3225
2022-11-23 23:55:33.680000,50.155862,50.156383,50.154982,50.154065,50.155322999999996,240,3225
2022-11-23 23:55:33.700000,50.154168,50.155871,50.155618,50.154486,50.155035749999996,240,3225
2022-11-23 23:55:33.720000,50.153759,50.154759,50.155598,50.1533,50.154354,240,3225
2022-11-23 23:55:33.740000,50.154366,50.154635,50.155182,50.15538,50.15489075,240,3225
2022-11-23 23:55:33.760000,50.154953,50.154495,50.153921,50.155917,50.1548215,240,3225
2022-11-23 23:55:33.780000,50.155561,50.153949,50.153328,50.154222,50.154264999999995,240,3225
2022-11-23 23:55:33.800000,50.154857,50.154148,50.153888,50.155204,50.15452425,240,3225
2022-11-23 23:55:33.820000,50.153624,50.154532,50.154026,50.154814,50.15424899999999,240,3225
2022-11-23 23:55:33.840000,50.153037,50.154722,50.154066,50.153315,50.153785,240,3225
2022-11-23 23:55:33.860000,50.152588,50.154329,50.154107,50.151861,50.15322125,240,3225
2022-11-23 23:55:33.880000,50.152806,50.154726,50.154068,50.153325,50.15373125,240,3225
2022-11-23 23:55:33.900000,50.153833,50.155709,50.154719,50.155,50.15481525,240,3225
2022-11-23 23:55:33.920000,50.154277,50.155477,50.154924,50.154843,50.15488025,240,3225
2022-11-23 23:55:33.940000,50.153843,50.154417,50.154145,50.155726,50.15453275,240,3225
2022-11-23 23:55:33.960000,50.153685,50.154069,50.153903,50.15457,50.15405675,240,3225
2022-11-23 23:55:33.980000,50.15382,50.15395,50.153972,50.154708,50.154112500000004,240,3225
2022-11-23 23:55:34.000000,50.153408,50.153746,50.153899,50.153616,50.15366725,240,3225
2022-11-23 23:55:34.020000,50.152467,50.154166,50.153619,50.153203,50.15336375,240,3225
2022-11-23 23:55:34.040000,50.152371,50.154856,50.153567,50.153176,50.153492500000006,240,3225
2022-11-23 23:55:34.060000,50.153162,50.154287,50.153515,50.153602,50.1536415,240,3225
2022-11-23 23:55:34.080000,50.154102,50.153953,50.153692,50.154315,50.1540155,240,3225
2022-11-23 23:55:34.100000,50.153703,50.154992,50.154257,50.154301,50.15431325,240,3225
2022-11-23 23:55:34.120000,50.152245,50.15562,50.154106,50.154195,50.154041500000005,240,3225
2022-11-23 23:55:34.140000,50.152643,50.155084,50.153417,50.155116,50.154064999999996,240,3225
2022-11-23 23:55:34.160000,50.154009,50.154352,50.15324,50.153083,50.153671,240,3225
2022-11-23 23:55:34.180000,50.153602,50.153672,50.152952,50.154569,50.153698750000004,240,3225
2022-11-23 23:55:34.200000,50.153223,50.153704,50.153025,50.151957,50.15297725,240,3225
2022-11-23 23:55:34.220000,50.153787,50.153999,50.153249,50.153046,50.15352025,240,3225
2022-11-23 23:55:34.240000,50.154092,50.154388,50.153033,50.153206,50.153679749999995,240,3225
2022-11-23 23:55:34.260000,50.15319,50.154967,50.152375,50.153744,50.153569000000005,240,3225
2022-11-23 23:55:34.280000,50.150645,50.155298,50.152003,50.154141,50.15302175,240,3225
2022-11-23 23:55:34.300000,50.149699,50.15476,50.152626,50.153626,50.15267775,240,3225
2022-11-23 23:55:34.320000,50.151615,50.153954,50.153331,50.15333,50.1530575,240,3225
2022-11-23 23:55:34.340000,50.153241,50.153069,50.153722,50.154052,50.153521000000005,240,3225
2022-11-23 23:55:34.360000,50.153954,50.152143,50.153562,50.151367,50.152756499999995,240,3225
2022-11-23 23:55:34.380000,50.154,50.152185,50.153187,50.151523,50.15272375,240,3225
2022-11-23 23:55:34.400000,50.153565,50.152629,50.153135,50.152784,50.15302825,240,3225
2022-11-23 23:55:34.420000,50.152561,50.152319,50.153172,50.151802,50.1524635,240,3225
2022-11-23 23:55:34.440000,50.152131,50.15188,50.153216,50.153604,50.15270775,240,3225
2022-11-23 23:55:34.460000,50.152921,50.151926,50.153292,50.154324,50.15311575,240,3225
2022-11-23 23:55:34.480000,50.15331,50.152366,50.153612,50.153579,50.153216750000006,240,3225
2022-11-23 23:55:34.500000,50.153231,50.15257,50.153791,50.151949,50.15288525,240,3225
2022-11-23 23:55:34.520000,50.153255,50.152264,50.153637,50.154176,50.153333,240,3225
2022-11-23 23:55:34.540000,50.153051,50.152296,50.153712,50.152944,50.15300075,240,3225
2022-11-23 23:55:34.560000,50.152972,50.153129,50.153558,50.151667,50.1528315,240,3225
2022-11-23 23:55:34.580000,50.153144,50.15344,50.153168,50.1525,50.153063,240,3225
2022-11-23 23:55:34.600000,50.15262,50.152579,50.15317,50.15387,50.15305975,240,3225
2022-11-23 23:55:34.620000,50.152838,50.152291,50.153235,50.152796,50.152789999999996,240,3225
2022-11-23 23:55:34.640000,50.15461,50.152945,50.152904,50.154857,50.153829,240,3225
2022-11-23 23:55:34.660000,50.155157,50.152175,50.152131,50.153467,50.1532325,240,3225
2022-11-23 23:55:34.680000,50.154245,50.151019,50.152491,50.153593,50.152837,240,3225
2022-11-23 23:55:34.700000,50.153499,50.15137,50.153732,50.154167,50.153192,240,3225
2022-11-23 23:55:34.720000,50.152657,50.152153,50.153861,50.151296,50.15249175,240,3225
2022-11-23 23:55:34.740000,50.152374,50.152426,50.153388,50.152649,50.15270925,240,3225
2022-11-23 23:55:34.760000,50.153338,50.152545,50.153167,50.152453,50.15287575,240,3225
2022-11-23 23:55:34.780000,50.153801,50.152157,50.152772,50.152528,50.1528145,240,3225
2022-11-23 23:55:34.800000,50.153028,50.1517,50.151747,50.151481,50.151989,240,3225
2022-11-23 23:55:34.820000,50.152287,50.152515,50.151212,50.152648,50.152165499999995,240,3225
2022-11-23 23:55:34.840000,50.151862,50.152477,50.151619,50.152407,50.15209125,240,3225
2022-11-23 23:55:34.860000,50.151842,50.15062,50.15135,50.150417,50.15105725,240,3225
2022-11-23 23:55:34.880000,50.151963,50.15,50.151176,50.152481,50.151405,240,3225
2022-11-23 23:55:34.900000,50.151958,50.151227,50.151724,50.152713,50.1519055,240,3225
2022-11-23 23:55:34.920000,50.152731,50.15169,50.152069,50.152574,50.152266,240,3225
2022-11-23 23:55:34.940000,50.153746,50.150883,50.152181,50.150157,50.15174175000001,240,3225
2022-11-23 23:55:34.960000,50.153547,50.150736,50.152591,50.152139,50.15225325,240,3225
2022-11-23 23:55:34.980000,50.152395,50.151825,50.152956,50.151121,50.15207425,240,3225
2022-11-23 23:55:35.000000,50.151619,50.152436,50.152347,50.151833,50.15205875,240,3225
2022-11-23 23:55:35.020000,50.15145,50.151921,50.151481,50.151963,50.151703749999996,240,3225
2022-11-23 23:55:35.040000,50.15176,50.15138,50.151344,50.153166,50.1519125,240,3225
2022-11-23 23:55:35.060000,50.152779,50.151699,50.151328,50.153222,50.152257,240,3225
2022-11-23 23:55:35.080000,50.15275,50.152621,50.151097,50.150852,50.151830000000004,240,3225
2022-11-23 23:55:35.100000,50.151236,50.152995,50.150911,50.150408,50.1513875,240,3225
2022-11-23 23:55:35.120000,50.15112,50.152167,50.150839,50.152185,50.15157775,240,3225
2022-11-23 23:55:35.140000,50.15139,50.15111,50.150878,50.150658,50.151009,240,3225
2022-11-23 23:55:35.160000,50.150849,50.150542,50.151022,50.150334,50.15068674999999,240,3225
2022-11-23 23:55:35.180000,50.151129,50.150617,50.151711,50.152342,50.15144975,240,3225
2022-11-23 23:55:35.200000,50.151499,50.150519,50.152143,50.152056,50.151554250000004,240,3225
2022-11-23 23:55:35.220000,50.151466,50.150787,50.15171,50.150981,50.151236000000004,240,3225
2022-11-23 23:55:35.240000,50.151815,50.151537,50.151637,50.151427,50.15160399999999,240,3225
2022-11-23 23:55:35.260000,50.15187,50.151463,50.151491,50.151777,50.15165025,240,3225
2022-11-23 23:55:35.280000,50.147956,50.144415,50.14716,50.149556,50.147271749999994,240,3225
2022-11-23 23:55:35.300000,50.13905,50.133519,50.137519,50.117823,50.131977750000004,240,3225
2022-11-23 23:55:35.320000,50.135193,50.134144,50.132951,50.107195,50.12737075,240,3225
2022-11-23 23:55:35.340000,50.138689,50.140403,50.135297,50.138509,50.1382245,240,3225
2022-11-23 23:55:35.360000,50.140839,50.13937,50.136953,50.13725,50.138602999999996,240,3225
2022-11-23 23:55:35.380000,50.140542,50.136862,50.137404,50.136092,50.137724999999996,240,3225
2022-11-23 23:55:35.400000,50.138823,50.136223,50.136675,50.132186,50.13597675,240,3225
2022-11-23 23:55:35.420000,50.13637,50.135601,50.134551,50.131583,50.13452625,240,3225
2022-11-23 23:55:35.440000,50.134917,50.13479,50.132409,50.12888,50.132749000000004,240,3225
2022-11-23 23:55:35.460000,50.133018,50.133151,50.129739,50.126463,50.13059275,240,3225
2022-11-23 23:55:35.480000,50.13069,50.131977,50.127001,50.123639,50.12832675,240,3225
2022-11-23 23:55:35.500000,50.128958,50.130709,50.124785,50.122324,50.126694,240,3225
2022-11-23 23:55:35.520000,50.126709,50.128013,50.122834,50.119352,50.124227,240,3225
2022-11-23 23:55:35.540000,50.124315,50.126359,50.121127,50.118583,50.122596,240,3225
2022-11-23 23:55:35.560000,50.123047,50.125752,50.119778,50.116731,50.121326999999994,240,3225
2022-11-23 23:55:35.580000,50.120884,50.124311,50.118166,50.116472,50.119958249999996,240,3225
2022-11-23 23:55:35.600000,50.117954,50.122504,50.116006,50.115982,50.1181115,240,3225
2022-11-23 23:55:35.620000,50.116348,50.120849,50.114288,50.111574,50.115764750000004,240,3225
2022-11-23 23:55:35.640000,50.114987,50.118833,50.111863,50.109945,50.113907000000005,240,3225
2022-11-23 23:55:35.660000,50.112846,50.116918,50.109136,50.110023,50.112230749999995,240,3225
2022-11-23 23:55:35.680000,50.110347,50.115027,50.107089,50.107931,50.1100985,240,3225
2022-11-23 23:55:35.700000,50.107838,50.114092,50.106213,50.105425,50.108392,240,3225
2022-11-23 23:55:35.720000,50.106264,50.113492,50.105056,50.105158,50.107492500000006,240,3225
2022-11-23 23:55:35.740000,50.10506,50.111353,50.1025,50.10513,50.10601075,240,3225
2022-11-23 23:55:35.760000,50.102514,50.108274,50.100275,50.103185,50.103562000000004,240,3225
2022-11-23 23:55:35.780000,50.099551,50.10607,50.098792,50.099685,50.1010245,240,3225
2022-11-23 23:55:35.800000,50.097329,50.105082,50.098095,50.098584,50.0997725,240,3225
2022-11-23 23:55:35.820000,50.0953,50.103954,50.096802,50.099726,50.0989455,240,3225
2022-11-23 23:55:35.840000,50.092745,50.101726,50.094609,50.097552,50.096658,240,3225
2022-11-23 23:55:35.860000,50.090949,50.098978,50.093329,50.094888,50.094536,240,3225
2022-11-23 23:55:35.880000,50.090292,50.096977,50.092251,50.095232,50.093688,240,3225
2022-11-23 23:55:35.900000,50.088782,50.095181,50.09063,50.093361,50.0919885,240,3225
2022-11-23 23:55:35.920000,50.086615,50.093434,50.088782,50.09037,50.08980025,240,3225
2022-11-23 23:55:35.940000,50.084074,50.092344,50.087031,50.088343,50.087948000000004,240,3225
2022-11-23 23:55:35.960000,50.08218,50.091523,50.085908,50.087749,50.08684,240,3225
2022-11-23 23:55:35.980000,50.081227,50.089774,50.084897,50.086269,50.085541750000004,240,3225
2022-11-23 23:55:36.000000,50.078972,50.087055,50.083565,50.085056,50.083662000000004,240,3225
2022-11-23 23:55:36.020000,50.076259,50.084602,50.082493,50.083435,50.081697250000005,240,3225
2022-11-23 23:55:36.040000,50.076022,50.083671,50.082004,50.082935,50.081157999999995,240,3225
2022-11-23 23:55:36.060000,50.076683,50.08292,50.080672,50.0825,50.08069375,240,3225
2022-11-23 23:55:36.080000,50.074708,50.081787,50.078695,50.080425,50.07890375,240,3225
2022-11-23 23:55:36.100000,50.072241,50.080093,50.07725,50.079139,50.07718075,240,3225
2022-11-23 23:55:36.120000,50.071607,50.077288,50.075914,50.077333,50.0755355,240,3225
2022-11-23 23:55:36.140000,50.071097,50.074584,50.074676,50.076518,50.07421874999999,240,3225
2022-11-23 23:55:36.160000,50.069958,50.073903,50.073809,50.07325,50.07273,240,3225
2022-11-23 23:55:36.180000,50.069389,50.074079,50.073022,50.073686,50.072544,240,3225
2022-11-23 23:55:36.200000,50.068365,50.073018,50.071159,50.071944,50.0711215,240,3225
2022-11-23 23:55:36.220000,50.066884,50.071042,50.069459,50.069889,50.069318499999994,240,3225
2022-11-23 23:55:36.240000,50.066755,50.067751,50.068485,50.068176,50.06779175,240,3225
2022-11-23 23:55:36.260000,50.065783,50.064471,50.066703,50.067092,50.06601225,240,3225
2022-11-23 23:55:36.280000,50.063881,50.063486,50.06452,50.064454,50.064085250000005,240,3225
2022-11-23 23:55:36.300000,50.063497,50.063278,50.063366,50.064574,50.063678749999994,240,3225
2022-11-23 23:55:36.320000,50.062945,50.061986,50.062741,50.061556,50.062307000000004,240,3225
2022-11-23 23:55:36.340000,50.061741,50.059815,50.062121,50.060546,50.061055749999994,240,3225
2022-11-23 23:55:36.360000,50.061006,50.057106,50.061149,50.060444,50.05992625,240,3225
2022-11-23 23:55:36.380000,50.060064,50.054352,50.059844,50.058343,50.05815075,240,3225
2022-11-23 23:55:36.400000,50.058306,50.053227,50.058561,50.057194,50.056822000000004,240,3225
2022-11-23 23:55:36.420000,50.0565,50.053357,50.057293,50.055102,50.055563,240,3225
2022-11-23 23:55:36.440000,50.055727,50.052073,50.056385,50.055148,50.05483325,240,3225
2022-11-23 23:55:36.460000,50.055884,50.048805,50.054783,50.051565,50.052759249999994,240,3225
2022-11-23 23:55:36.480000,50.055138,50.046028,50.052574,50.051527,50.05131675,240,3225
2022-11-23 23:55:36.500000,50.052894,50.045107,50.050632,50.04901,50.04941075000001,240,3225
2022-11-23 23:55:36.520000,50.050912,50.044722,50.048858,50.048074,50.0481415,240,3225
2022-11-23 23:55:36.540000,50.050088,50.043686,50.047597,50.047371,50.0471855,240,3225
2022-11-23 23:55:36.560000,50.049116,50.04275,50.046379,50.045093,50.0458345,240,3225
2022-11-23 23:55:36.580000,50.047176,50.041852,50.044851,50.0435,50.04434475,240,3225
2022-11-23 23:55:36.600000,50.045005,50.040449,50.043116,50.041704,50.0425685,240,3225
2022-11-23 23:55:36.620000,50.044481,50.038829,50.041272,50.039657,50.04105975,240,3225
2022-11-23 23:55:36.640000,50.043916,50.03768,50.039381,50.037926,50.03972575,240,3225
2022-11-23 23:55:36.660000,50.041769,50.036495,50.037614,50.038741,50.038654750000006,240,3225
2022-11-23 23:55:36.680000,50.03963,50.035121,50.036185,50.035824,50.03668999999999,240,3225
2022-11-23 23:55:36.700000,50.038556,50.033482,50.034937,50.035889,50.035715999999994,240,3225
2022-11-23 23:55:36.720000,50.037459,50.031482,50.033546,50.033194,50.03392025,240,3225
2022-11-23 23:55:36.740000,50.035032,50.029828,50.031932,50.032797,50.03239725,240,3225
2022-11-23 23:55:36.760000,50.032838,50.028981,50.03056,50.03037,50.03068725,240,3225
2022-11-23 23:55:36.780000,50.03181,50.028565,50.029647,50.028584,50.02965149999999,240,3225
2022-11-23 23:55:36.800000,50.030584,50.027824,50.028513,50.027278,50.028549749999996,240,3225
2022-11-23 23:55:36.820000,50.02843,50.025935,50.026848,50.025713,50.0267315,240,3225
2022-11-23 23:55:36.840000,50.026292,50.02369,50.024677,50.026222,50.02522025,240,3225
2022-11-23 23:55:36.860000,50.023403,50.022448,50.022772,50.024,50.02315575,240,3225
2022-11-23 23:55:36.880000,50.020746,50.022014,50.021776,50.02212,50.021664,240,3225
2022-11-23 23:55:36.900000,50.020199,50.021181,50.020735,50.020018,50.02053325,240,3225
2022-11-23 23:55:36.920000,50.019469,50.019829,50.019298,50.019269,50.01946625,240,3225
2022-11-23 23:55:36.940000,50.01656,50.018272,50.017933,50.017935,50.017675,240,3225
2022-11-23 23:55:36.960000,50.01495,50.016731,50.016613,50.016356,50.0161625,240,3225
2022-11-23 23:55:36.980000,50.014425,50.015602,50.01522,50.016542,50.01544725000001,240,3225
2022-11-23 23:55:37.000000,50.011333,50.015551,50.013797,50.014162,50.01371075,240,3225
2022-11-23 23:55:37.020000,50.008898,50.01524,50.012425,50.01306,50.01240575,240,3225
2022-11-23 23:55:37.040000,50.008546,50.013019,50.011382,50.010848,50.010948750000004,240,3225
2022-11-23 23:55:37.060000,50.007227,50.010495,50.010123,50.009009,50.009213499999994,240,3225
2022-11-23 23:55:37.080000,50.004806,50.009515,50.008296,50.008773,50.0078475,240,3225
2022-11-23 23:55:37.100000,50.003684,50.008324,50.006725,50.006523,50.006314,240,3225
2022-11-23 23:55:37.120000,50.003221,50.006574,50.005083,50.007232,50.0055275,240,3225
2022-11-23 23:55:37.140000,50.001922,50.006018,50.003112,50.003579,50.00365775,240,3225
2022-11-23 23:55:37.160000,50.0002,50.005755,50.00157,50.003351,50.002719,240,3225
2022-11-23 23:55:37.180000,49.998944,50.003996,50.000353,50.002227,50.00138,240,3225
2022-11-23 23:55:37.200000,49.997958,50.001287,49.999387,50.000135,49.99969175,240,3225
2022-11-23 23:55:37.220000,49.996838,49.999491,49.998415,49.997902,49.9981615,240,3225
2022-11-23 23:55:37.240000,49.994713,49.998638,49.997398,49.997524,49.99706825,240,3225
2022-11-23 23:55:37.260000,49.99293,49.998023,49.996607,49.997361,49.996230249999996,240,3225
2022-11-23 23:55:37.280000,49.992847,49.9973,49.995642,49.996648,49.99560925,240,3225
2022-11-23 23:55:37.300000,49.992245,49.996186,49.99411,49.994315,49.994214,240,3225
2022-11-23 23:55:37.320000,49.990408,49.994602,49.992448,49.992509,49.99249175,240,3225
2022-11-23 23:55:37.340000,49.989272,49.992838,49.990989,49.991107,49.9910515,240,3225
2022-11-23 23:55:37.360000,49.988262,49.991579,49.989648,49.989972,49.98986525,240,3225
2022-11-23 23:55:37.380000,49.986569,49.990764,49.988496,49.987778,49.988401749999994,240,3225
2022-11-23 23:55:37.400000,49.985709,49.990046,49.987512,49.987116,49.98759575,240,3225
2022-11-23 23:55:37.420000,49.985532,49.988291,49.986215,49.987615,49.98691325,240,3225
2022-11-23 23:55:37.440000,49.984499,49.985518,49.984441,49.985547,49.985001249999996,240,3225
2022-11-23 23:55:37.460000,49.983852,49.983269,49.982735,49.981967,49.982955749999995,240,3225
2022-11-23 23:55:37.480000,49.982737,49.982214,49.98135,49.983301,49.9824005,240,3225
2022-11-23 23:55:37.500000,49.980333,49.982227,49.980621,49.979847,49.980757,240,3225
2022-11-23 23:55:37.520000,49.978921,49.98243,49.979794,49.979481,49.9801565,240,3225
2022-11-23 23:55:37.540000,49.978926,49.981121,49.9785,49.978204,49.97918775,240,3225
2022-11-23 23:55:37.560000,49.977741,49.978707,49.977312,49.97718,49.977735,240,3225
2022-11-23 23:55:37.580000,49.975987,49.977056,49.976195,49.975718,49.976239,240,3225
2022-11-23 23:55:37.600000,49.974852,49.97594,49.974993,49.975,49.97519625,240,3225
2022-11-23 23:55:37.620000,49.973755,49.975074,49.973899,49.97263,49.973839500000004,240,3225
2022-11-23 23:55:37.640000,49.973273,49.974324,49.972907,49.971148,49.972913,240,3225
2022-11-23 23:55:37.660000,49.972634,49.973024,49.972088,49.972602,49.972587000000004,240,3225
2022-11-23 23:55:37.680000,49.970949,49.971102,49.970905,49.97026,49.970804,240,3225
2022-11-23 23:55:37.700000,49.969972,49.969353,49.968804,49.96937,49.96937475,240,3225
2022-11-23 23:55:37.720000,49.969348,49.968463,49.966665,49.968408,49.968221,240,3225
2022-11-23 23:55:37.740000,49.967449,49.967607,49.965841,49.965592,49.96662225,240,3225
2022-11-23 23:55:37.760000,49.965638,49.966398,49.965685,49.964686,49.96560175,240,3225
2022-11-23 23:55:37.780000,49.965209,49.964981,49.965403,49.964388,49.96499525,240,3225
2022-11-23 23:55:37.800000,49.96419,49.963658,49.96481,49.963842,49.964125,240,3225
2022-11-23 23:55:37.820000,49.962611,49.962976,49.963308,49.961676,49.96264275,240,3225
2022-11-23 23:55:37.840000,49.962004,49.962454,49.96168,49.962491,49.962157250000004,240,3225
2022-11-23 23:55:37.860000,49.961468,49.961462,49.960189,49.960129,49.960812000000004,240,3225
2022-11-23 23:55:37.880000,49.960727,49.959662,49.958852,49.960176,49.95985425,240,3225
2022-11-23 23:55:37.900000,49.959607,49.957176,49.957825,49.958555,49.958290749999996,240,3225
2022-11-23 23:55:37.920000,49.957633,49.955089,49.957362,49.957399,49.95687075000001,240,3225
2022-11-23 23:55:37.940000,49.955694,49.954287,49.956843,49.955518,49.9555855,240,3225
2022-11-23 23:55:37.960000,49.955385,49.954027,49.955533,49.955621,49.9551415,240,3225
2022-11-23 23:55:37.980000,49.955264,49.953453,49.954189,49.956379,49.95482125,240,3225
2022-11-23 23:55:38.000000,49.953662,49.953144,49.953202,49.952584,49.953148,240,3225
2022-11-23 23:55:38.020000,49.951694,49.951852,49.952226,49.952277,49.95201225,240,3225
2022-11-23 23:55:38.040000,49.95044,49.949394,49.951261,49.951343,49.9506095,240,3225
2022-11-23 23:55:38.060000,49.949361,49.94726,49.950667,49.950703,49.949497750000006,240,3225
2022-11-23 23:55:38.080000,49.948471,49.946541,49.950278,49.949454,49.948686,240,3225
2022-11-23 23:55:38.100000,49.947436,49.946649,49.949121,49.949694,49.948225,240,3225
2022-11-23 23:55:38.120000,49.947047,49.946495,49.94733,49.947538,49.9471025,240,3225
2022-11-23 23:55:38.140000,49.947662,49.94542,49.945849,49.946546,49.946369250000004,240,3225
2022-11-23 23:55:38.160000,49.946875,49.943555,49.945208,49.945639,49.945319250000004,240,3225
2022-11-23 23:55:38.180000,49.944389,49.941751,49.944852,49.944509,49.94387524999999,240,3225
2022-11-23 23:55:38.200000,49.942602,49.940788,49.943936,49.943325,49.94266275,240,3225
2022-11-23 23:55:38.220000,49.942222,49.940671,49.942811,49.942361,49.94201625,240,3225
2022-11-23 23:55:38.240000,49.941907,49.940129,49.941678,49.941741,49.94136375,240,3225
2022-11-23 23:55:38.260000,49.941454,49.938635,49.940478,49.940491,49.9402645,240,3225
2022-11-23 23:55:38.280000,49.940843,49.937213,49.939416,49.938713,49.939046250000004,240,3225
2022-11-23 23:55:38.300000,49.939491,49.936565,49.93835,49.938778,49.93829600000001,240,3225
2022-11-23 23:55:38.320000,49.937985,49.935787,49.936677,49.936917,49.9368415,240,3225
2022-11-23 23:55:38.340000,49.936556,49.935357,49.935111,49.934435,49.935364750000005,240,3225
2022-11-23 23:55:38.360000,49.93506,49.934809,49.934434,49.934611,49.9347285,240,3225
2022-11-23 23:55:38.380000,49.933925,49.932806,49.93419,49.93525,49.93404275,240,3225
2022-11-23 23:55:38.400000,49.933022,49.930579,49.93368,49.932093,49.9323435,240,3225
2022-11-23 23:55:38.420000,49.932643,49.929288,49.933214,49.931667,49.931703,240,3225
2022-11-23 23:55:38.440000,49.932237,49.928102,49.932856,49.930944,49.93103475000001,240,3225
2022-11-23 23:55:38.460000,49.93158,49.927135,49.932005,49.930324,49.930261,240,3225
2022-11-23 23:55:38.480000,49.930329,49.926407,49.9302,49.929546,49.929120499999996,240,3225
2022-11-23 23:55:38.500000,49.928181,49.925514,49.928358,49.928037,49.92752250000001,240,3225
2022-11-23 23:55:38.520000,49.926671,49.924768,49.927302,49.926528,49.92631725,240,3225
2022-11-23 23:55:38.540000,49.926504,49.924102,49.926338,49.927121,49.92601625,240,3225
2022-11-23 23:55:38.560000,49.925805,49.923413,49.924672,49.924046,49.924484,240,3225
2022-11-23 23:55:38.580000,49.924139,49.923457,49.923349,49.922898,49.92346075,240,3225
2022-11-23 23:55:38.600000,49.922815,49.923405,49.922415,49.924065,49.923175,240,3225
2022-11-23 23:55:38.620000,49.922398,49.921913,49.921603,49.922232,49.922036500000004,240,3225
2022-11-23 23:55:38.640000,49.92099,49.919584,49.920834,49.920056,49.920366,240,3225
2022-11-23 23:55:38.660000,49.918122,49.917973,49.919925,49.920287,49.91907675,240,3225
2022-11-23 23:55:38.680000,49.916726,49.917169,49.919046,49.919241,49.9180455,240,3225
2022-11-23 23:55:38.700000,49.917125,49.916766,49.918299,49.917482,49.917418,240,3225
2022-11-23 23:55:38.720000,49.917056,49.916888,49.917246,49.916343,49.91688325,240,3225
2022-11-23 23:55:38.740000,49.915791,49.916782,49.915524,49.914778,49.915718749999996,240,3225
2022-11-23 23:55:38.760000,49.914121,49.915059,49.914161,49.915009,49.9145875,240,3225
2022-11-23 23:55:38.780000,49.912639,49.912673,49.91335,49.912639,49.91282525,240,3225
2022-11-23 23:55:38.800000,49.911208,49.911706,49.912306,49.912074,49.9118235,240,3225
2022-11-23 23:55:38.820000,49.909722,49.911966,49.911205,49.910973,49.9109665,240,3225
2022-11-23 23:55:38.840000,49.909051,49.911024,49.910327,49.910259,49.91016525,240,3225
2022-11-23 23:55:38.860000,49.90906,49.909229,49.909302,49.908269,49.908964999999995,240,3225
2022-11-23 23:55:38.880000,49.908333,49.908133,49.908048,49.908916,49.9083575,240,3225
2022-11-23 23:55:38.900000,49.907098,49.907412,49.907219,49.906296,49.907006249999995,240,3225
2022-11-23 23:55:38.920000,49.905474,49.906462,49.906193,49.905787,49.905979,240,3225
2022-11-23 23:55:38.940000,49.90388,49.905079,49.905016,49.905139,49.9047785,240,3225
2022-11-23 23:55:38.960000,49.902958,49.904129,49.903588,49.904621,49.90382399999999,240,3225
2022-11-23 23:55:38.980000,49.901894,49.904007,49.901335,49.903176,49.902603000000006,240,3225
2022-11-23 23:55:39.000000,49.900755,49.903432,49.899897,49.90212,49.901551,240,3225
2022-11-23 23:55:39.020000,49.900028,49.902245,49.899829,49.901046,49.900787,240,3225
2022-11-23 23:55:39.040000,49.898935,49.900929,49.898786,49.899176,49.8994565,240,3225
2022-11-23 23:55:39.060000,49.89737,49.900003,49.897575,49.899491,49.898609750000006,240,3225
2022-11-23 23:55:39.080000,49.89663,49.899204,49.897542,49.899038,49.8981035,240,3225
2022-11-23 23:55:39.100000,49.897107,49.898099,49.897288,49.896889,49.89734575,240,3225
2022-11-23 23:55:39.120000,49.897486,49.896527,49.896291,49.896519,49.896705749999995,240,3225
2022-11-23 23:55:39.140000,49.896574,49.895309,49.895752,49.895435,49.8957675,240,3225
2022-11-23 23:55:39.160000,49.894607,49.895348,49.895336,49.89387,49.89479025,240,3225
2022-11-23 23:55:39.180000,49.893228,49.895861,49.894247,49.893098,49.8941085,240,3225
2022-11-23 23:55:39.200000,49.892898,49.89556,49.893142,49.893986,49.8938965,240,3225
2022-11-23 23:55:39.220000,49.892111,49.894209,49.892282,49.891991,49.89264824999999,240,3225
2022-11-23 23:55:39.240000,49.890972,49.892607,49.891628,49.893898,49.89227625,240,3225
2022-11-23 23:55:39.260000,49.89108,49.891847,49.890535,49.891666,49.891282000000004,240,3225
2022-11-23 23:55:39.280000,49.890763,49.891755,49.889421,49.889537,49.890369,240,3225
2022-11-23 23:55:39.300000,49.888616,49.89145,49.888846,49.890315,49.889806750000005,240,3225
2022-11-23 23:55:39.320000,49.886272,49.891509,49.888372,49.887611,49.888441,240,3225
2022-11-23 23:55:39.340000,49.885326,49.89112,49.887903,49.889296,49.88841125,240,3225
2022-11-23 23:55:39.360000,49.885777,49.889088,49.887725,49.886963,49.88738825000001,240,3225
2022-11-23 23:55:39.380000,49.887328,49.886907,49.887046,49.886658,49.886984749999996,240,3225
2022-11-23 23:55:39.400000,49.886729,49.885944,49.886015,49.885435,49.886030749999996,240,3225
2022-11-23 23:55:39.420000,49.884746,49.885889,49.885528,49.884532,49.88517375,240,3225
2022-11-23 23:55:39.440000,49.884707,49.886204,49.885002,49.884783,49.885174,240,3225
2022-11-23 23:55:39.460000,49.884498,49.885426,49.883811,49.884037,49.884443000000005,240,3225
2022-11-23 23:55:39.480000,49.882202,49.884436,49.882952,49.882491,49.88302025,240,3225
2022-11-23 23:55:39.500000,49.881339,49.884418,49.882397,49.884676,49.8832075,240,3225
2022-11-23 23:55:39.520000,49.882574,49.884258,49.882164,49.883379,49.88309375,240,3225
2022-11-23 23:55:39.540000,49.882539,49.882857,49.882133,49.881787,49.882329000000006,240,3225
2022-11-23 23:55:39.560000,49.881782,49.881463,49.881554,49.879834,49.88115825,240,3225
2022-11-23 23:55:39.580000,49.880507,49.880644,49.88046,49.880065,49.880419,240,3225
2022-11-23 23:55:39.600000,49.879365,49.879467,49.879451,49.878574,49.879214250000004,240,3225
2022-11-23 23:55:39.620000,49.879114,49.878,49.878612,49.879278,49.878751,240,3225
2022-11-23 23:55:39.640000,49.878823,49.877542,49.87795,49.877362,49.87791925,240,3225
2022-11-23 23:55:39.660000,49.876844,49.877987,49.877412,49.877093,49.877334,240,3225
2022-11-23 23:55:39.680000,49.876089,49.877899,49.877462,49.876657,49.87702675,240,3225
2022-11-23 23:55:39.700000,49.876916,49.876908,49.877555,49.877232,49.87715275,240,3225
2022-11-23 23:55:39.720000,49.875846,49.875634,49.876839,49.876259,49.8761445,240,3225
2022-11-23 23:55:39.740000,49.874388,49.874884,49.876108,49.875963,49.875335750000005,240,3225
2022-11-23 23:55:39.760000,49.874838,49.874778,49.875528,49.87587,49.8752535,240,3225
2022-11-23 23:55:39.780000,49.87487,49.874268,49.874673,49.874861,49.874668,240,3225
2022-11-23 23:55:39.800000,49.873504,49.873656,49.873946,49.873597,49.87367575,240,3225
2022-11-23 23:55:39.820000,49.872612,49.873634,49.87358,49.873356,49.8732955,240,3225
2022-11-23 23:55:39.840000,49.872857,49.87332,49.873043,49.872787,49.87300175,240,3225
2022-11-23 23:55:39.860000,49.874009,49.872371,49.872416,49.870843,49.87240975,240,3225
2022-11-23 23:55:39.880000,49.873935,49.871755,49.872025,49.871222,49.872234250000005,240,3225
2022-11-23 23:55:39.900000,49.872121,49.871828,49.871462,49.871898,49.871827249999996,240,3225
2022-11-23 23:55:39.920000,49.87088,49.871727,49.870907,49.870398,49.870978,240,3225
2022-11-23 23:55:39.940000,49.871259,49.870366,49.870745,49.87019,49.87064,240,3225
2022-11-23 23:55:39.960000,49.870893,49.868315,49.869868,49.87069,49.8699415,240,3225
2022-11-23 23:55:39.980000,49.869785,49.867712,49.86837,49.868639,49.8686265,240,3225
2022-11-23 23:55:40.000000,49.869082,49.867532,49.868187,49.870102,49.86872575,240,3225
2022-11-23 23:55:40.020000,49.868149,49.866834,49.868658,49.869028,49.86816725,240,3225
2022-11-23 23:55:40.040000,49.867986,49.866501,49.868318,49.868101,49.867726499999996,240,3225
2022-11-23 23:55:40.060000,49.868365,49.86662,49.86781,49.867426,49.867555249999995,240,3225
2022-11-23 23:55:40.080000,49.867204,49.866597,49.867214,49.867963,49.8672445,240,3225
2022-11-23 23:55:40.100000,49.865778,49.865829,49.866425,49.866204,49.866059,240,3225
2022-11-23 23:55:40.120000,49.866903,49.865227,49.866566,49.865592,49.866071999999996,240,3225
2022-11-23 23:55:40.140000,49.867801,49.865639,49.86736,49.86706,49.866965,240,3225
2022-11-23 23:55:40.160000,49.866509,49.865898,49.866877,49.867519,49.86670075000001,240,3225
2022-11-23 23:55:40.180000,49.865976,49.865138,49.865892,49.866819,49.86595625,240,3225
2022-11-23 23:55:40.200000,49.866825,49.863505,49.865702,49.866245,49.86556925,240,3225
2022-11-23 23:55:40.220000,49.866284,49.861587,49.865363,49.865847,49.86477025,240,3225
2022-11-23 23:55:40.240000,49.864681,49.861523,49.864494,49.863167,49.86346625,240,3225
2022-11-23 23:55:40.260000,49.863731,49.86267,49.864372,49.863917,49.86367250000001,240,3225
2022-11-23 23:55:40.280000,49.863514,49.863001,49.864136,49.863296,49.86348675,240,3225
2022-11-23 23:55:40.300000,49.863907,49.862727,49.863613,49.862523,49.8631925,240,3225
2022-11-23 23:55:40.320000,49.864315,49.86238,49.863552,49.861676,49.862980750000006,240,3225
2022-11-23 23:55:40.340000,49.863931,49.861421,49.86323,49.863723,49.86307625,240,3225
2022-11-23 23:55:40.360000,49.86319,49.860491,49.862402,49.862783,49.8622165,240,3225
2022-11-23 23:55:40.380000,49.862704,49.860349,49.862036,49.862021,49.861777499999995,240,3225
2022-11-23 23:55:40.400000,49.861527,49.860816,49.862002,49.862285,49.86165749999999,240,3225
2022-11-23 23:55:40.420000,49.86019,49.861385,49.861724,49.860996,49.86107375,240,3225
2022-11-23 23:55:40.440000,49.86008,49.861555,49.86118,49.860674,49.86087225,240,3225
2022-11-23 23:55:40.460000,49.860226,49.860448,49.860565,49.861099,49.8605845,240,3225
2022-11-23 23:55:40.480000,49.860129,49.85954,49.860018,49.859592,49.85981975,240,3225
2022-11-23 23:55:40.500000,49.859908,49.859222,49.860172,49.859433,49.85968375,240,3225
2022-11-23 23:55:40.520000,49.859251,49.858606,49.860646,49.859057,49.859390000000005,240,3225
2022-11-23 23:55:40.540000,49.859018,49.857522,49.860122,49.858456,49.8587795,240,3225
2022-11-23 23:55:40.560000,49.859055,49.856634,49.858995,49.857785,49.85811725,240,3225
2022-11-23 23:55:40.580000,49.857644,49.856232,49.858402,49.859009,49.85782175,240,3225
2022-11-23 23:55:40.600000,49.856505,49.855958,49.858143,49.858476,49.8572705,240,3225
2022-11-23 23:55:40.620000,49.857162,49.856194,49.857597,49.857645,49.8571495,240,3225
2022-11-23 23:55:40.640000,49.857769,49.857435,49.856788,49.856819,49.85720275,240,3225
2022-11-23 23:55:40.660000,49.856968,49.858417,49.856347,49.857373,49.85727625,240,3225
2022-11-23 23:55:40.680000,49.856269,49.858304,49.856202,49.857044,49.85695475,240,3225
2022-11-23 23:55:40.700000,49.855994,49.857347,49.856047,49.854583,49.85599275,240,3225
2022-11-23 23:55:40.720000,49.855486,49.856676,49.856166,49.854899,49.85580675,240,3225
2022-11-23 23:55:40.740000,49.854441,49.856445,49.856081,49.856088,49.85576375,240,3225
2022-11-23 23:55:40.760000,49.853976,49.855788,49.855613,49.85569,49.855266750000006,240,3225
2022-11-23 23:55:40.780000,49.8545,49.854593,49.855093,49.856112,49.8550745,240,3225
2022-11-23 23:55:40.800000,49.85507,49.854269,49.854751,49.855162,49.854813,240,3225
2022-11-23 23:55:40.820000,49.854732,49.855074,49.854219,49.856092,49.85502925,240,3225
2022-11-23 23:55:40.840000,49.854773,49.855296,49.853224,49.854149,49.8543605,240,3225
2022-11-23 23:55:40.860000,49.85493,49.855287,49.853071,49.854055,49.854335750000004,240,3225
2022-11-23 23:55:40.880000,49.854417,49.85562,49.853855,49.854037,49.854482250000004,240,3225
2022-11-23 23:55:40.900000,49.854278,49.856087,49.854547,49.854023,49.854733749999994,240,3225
2022-11-23 23:55:40.920000,49.855311,49.855894,49.854682,49.853306,49.85479825,240,3225
2022-11-23 23:55:40.940000,49.855425,49.854621,49.854297,49.853889,49.854558000000004,240,3225
2022-11-23 23:55:40.960000,49.854389,49.853218,49.853956,49.85325,49.853703249999995,240,3225
2022-11-23 23:55:40.980000,49.854134,49.852987,49.853505,49.855204,49.85395750000001,240,3225
2022-11-23 23:55:41.000000,49.853681,49.853143,49.852697,49.854083,49.853401000000005,240,3225
2022-11-23 23:55:41.020000,49.852832,49.853259,49.852373,49.853445,49.85297725,240,3225
2022-11-23 23:55:41.040000,49.853324,49.854245,49.852908,49.853333,49.853452499999996,240,3225
2022-11-23 23:55:41.060000,49.853565,49.855254,49.852958,49.852963,49.853685,240,3225
2022-11-23 23:55:41.080000,49.852634,49.855142,49.852113,49.85138,49.85281725,240,3225
2022-11-23 23:55:41.100000,49.852672,49.854445,49.851834,49.852166,49.85277925,240,3225
2022-11-23 23:55:41.120000,49.853152,49.854259,49.852227,49.851825,49.85286575,240,3225
2022-11-23 23:55:41.140000,49.852338,49.854501,49.853001,49.854463,49.853575750000005,240,3225
2022-11-23 23:55:41.160000,49.852098,49.854014,49.853368,49.853148,49.853157,240,3225
2022-11-23 23:55:41.180000,49.852935,49.852398,49.853475,49.854047,49.85321375,240,3225
2022-11-23 23:55:41.200000,49.852995,49.851296,49.853585,49.853083,49.85273975,240,3225
2022-11-23 23:55:41.220000,49.852769,49.852394,49.85305,49.852185,49.8525995,240,3225
2022-11-23 23:55:41.240000,49.852611,49.853921,49.852163,49.851388,49.85252075,240,3225
2022-11-23 23:55:41.260000,49.851811,49.853636,49.851676,49.851278,49.85210025,240,3225
2022-11-23 23:55:41.280000,49.851605,49.852583,49.851751,49.850935,49.8517185,240,3225
2022-11-23 23:55:41.300000,49.85249,49.852478,49.852441,49.852389,49.852449500000006,240,3225
2022-11-23 23:55:41.320000,49.852365,49.852788,49.853003,49.853167,49.852830749999995,240,3225
2022-11-23 23:55:41.340000,49.851713,49.852206,49.852836,49.851806,49.852140250000005,240,3225
2022-11-23 23:55:41.360000,49.852722,49.851357,49.852649,49.853343,49.852517750000004,240,3225
2022-11-23 23:55:41.380000,49.853292,49.851719,49.852691,49.851925,49.85240675,240,3225
2022-11-23 23:55:41.400000,49.851912,49.852123,49.852941,49.851315,49.852072750000005,240,3225
2022-11-23 23:55:41.420000,49.851194,49.851982,49.852855,49.852454,49.852121249999996,240,3225
2022-11-23 23:55:41.440000,49.851931,49.85155,49.852141,49.852259,49.85197025000001,240,3225
2022-11-23 23:55:41.460000,49.852574,49.851499,49.851993,49.852231,49.85207425,240,3225
2022-11-23 23:55:41.480000,49.852565,49.852561,49.852624,49.851667,49.85235425,240,3225
2022-11-23 23:55:41.500000,49.852722,49.853909,49.853084,49.852602,49.85307925,240,3225
2022-11-23 23:55:41.520000,49.853171,49.853564,49.852976,49.852352,49.85301575,240,3225
2022-11-23 23:55:41.540000,49.85389,49.851559,49.853033,49.853602,49.853021,240,3225
2022-11-23 23:55:41.560000,49.853103,49.850468,49.85343,49.853,49.852500250000006,240,3225
2022-11-23 23:55:41.580000,49.851505,49.851479,49.853207,49.853278,49.85236725,240,3225
2022-11-23 23:55:41.600000,49.85156,49.853023,49.852877,49.853194,49.8526635,240,3225
2022-11-23 23:55:41.620000,49.852388,49.853377,49.852651,49.851805,49.852555249999995,240,3225
2022-11-23 23:55:41.640000,49.852258,49.852568,49.85233,49.851268,49.852106,240,3225
2022-11-23 23:55:41.660000,49.852611,49.852117,49.85273,49.853047,49.85262625,240,3225
2022-11-23 23:55:41.680000,49.85337,49.852593,49.853482,49.85237,49.85295375,240,3225
2022-11-23 23:55:41.700000,49.853361,49.852972,49.854115,49.853046,49.853373500000004,240,3225
2022-11-23 23:55:41.720000,49.853534,49.8527,49.854596,49.855519,49.854087250000006,240,3225
2022-11-23 23:55:41.740000,49.85367,49.852093,49.854253,49.855824,49.85396,240,3225
2022-11-23 23:55:41.760000,49.853205,49.851861,49.853419,49.852694,49.85279475,240,3225
2022-11-23 23:55:41.780000,49.853965,49.852454,49.85339,49.853907,49.853429,240,3225
2022-11-23 23:55:41.800000,49.855344,49.852848,49.85394,49.853056,49.853797,240,3225
2022-11-23 23:55:41.820000,49.854714,49.852991,49.854673,49.85363,49.854002,240,3225
2022-11-23 23:55:41.840000,49.854289,49.853871,49.854845,49.854167,49.85429299999999,240,3225
2022-11-23 23:55:41.860000,49.855129,49.854152,49.853902,49.853268,49.85411275,240,3225
2022-11-23 23:55:41.880000,49.855683,49.853,49.853179,49.854324,49.8540465,240,3225
2022-11-23 23:55:41.900000,49.856467,49.851819,49.853058,49.855722,49.854266499999994,240,3225
2022-11-23 23:55:41.920000,49.85736,49.851894,49.853462,49.857722,49.8551095,240,3225
2022-11-23 23:55:41.940000,49.856961,49.853407,49.854467,49.852907,49.854435499999994,240,3225
2022-11-23 23:55:41.960000,49.856695,49.855038,49.855871,49.85588,49.85587100000001,240,3225
2022-11-23 23:55:41.980000,49.856884,49.855009,49.85663,49.856555,49.856269499999996,240,3225
2022-11-23 23:55:42.000000,49.855852,49.854972,49.856019,49.854427,49.8553175,240,3225
2022-11-23 23:55:42.020000,49.85501,49.855745,49.855176,49.855713,49.855411000000004,240,3225
2022-11-23 23:55:42.040000,49.855786,49.856051,49.854404,49.854972,49.85530325,240,3225
2022-11-23 23:55:42.060000,49.856107,49.855815,49.854557,49.85476,49.85530975,240,3225
2022-11-23 23:55:42.080000,49.856123,49.856218,49.856006,49.855138,49.85587124999999,240,3225
2022-11-23 23:55:42.100000,49.85714,49.85694,49.856152,49.857482,49.8569285,240,3225
2022-11-23 23:55:42.120000,49.857245,49.856541,49.854901,49.85625,49.85623425,240,3225
2022-11-23 23:55:42.140000,49.855986,49.856115,49.854376,49.858028,49.85612625,240,3225
2022-11-23 23:55:42.160000,49.855962,49.856435,49.855103,49.856787,49.85607175,240,3225
2022-11-23 23:55:42.180000,49.857115,49.856506,49.856091,49.856667,49.85659475,240,3225
2022-11-23 23:55:42.200000,49.858162,49.856982,49.857316,49.856167,49.85715675,240,3225
2022-11-23 23:55:42.220000,49.858064,49.857819,49.858689,49.855639,49.857552749999996,240,3225
2022-11-23 23:55:42.240000,49.85688,49.857565,49.859062,49.855889,49.857349,240,3225
2022-11-23 23:55:42.260000,49.855616,49.856675,49.858165,49.85762,49.857018999999994,240,3225
2022-11-23 23:55:42.280000,49.85675,49.857232,49.857801,49.858843,49.857656500000004,240,3225
2022-11-23 23:55:42.300000,49.858639,49.858597,49.858079,49.858806,49.85853025,240,3225
2022-11-23 23:55:42.320000,49.859209,49.858856,49.857961,49.858315,49.858585250000004,240,3225
2022-11-23 23:55:42.340000,49.85924,49.857703,49.857919,49.859426,49.858571999999995,240,3225
2022-11-23 23:55:42.360000,49.859366,49.856676,49.858419,49.858232,49.85817324999999,240,3225
2022-11-23 23:55:42.380000,49.858963,49.857292,49.859013,49.857889,49.85828925,240,3225
2022-11-23 23:55:42.400000,49.858463,49.859092,49.859491,49.858444,49.8588725,240,3225
2022-11-23 23:55:42.420000,49.858417,49.86069,49.859806,49.860333,49.8598115,240,3225
2022-11-23 23:55:42.440000,49.859073,49.861238,49.860192,49.858426,49.85973225000001,240,3225
2022-11-23 23:55:42.460000,49.859889,49.861265,49.860635,49.859884,49.86041825,240,3225
2022-11-23 23:55:42.480000,49.860338,49.860722,49.860758,49.859871,49.86042225,240,3225
2022-11-23 23:55:42.500000,49.860353,49.860133,49.860365,49.860667,49.8603795,240,3225
2022-11-23 23:55:42.520000,49.860565,49.860028,49.860157,49.860717,49.860366750000004,240,3225
2022-11-23 23:55:42.540000,49.86124,49.860301,49.860276,49.861218,49.86075875,240,3225
2022-11-23 23:55:42.560000,49.861181,49.861361,49.860908,49.861111,49.86114025,240,3225
2022-11-23 23:55:42.580000,49.860818,49.862777,49.861822,49.861824,49.861810250000005,240,3225
2022-11-23 23:55:42.600000,49.861203,49.862491,49.862327,49.861231,49.861813,240,3225
2022-11-23 23:55:42.620000,49.861999,49.861653,49.862317,49.860847,49.861703999999996,240,3225
2022-11-23 23:55:42.640000,49.862574,49.86257,49.862654,49.862218,49.862504,240,3225
2022-11-23 23:55:42.660000,49.862764,49.863824,49.863314,49.862632,49.863133499999996,240,3225
2022-11-23 23:55:42.680000,49.862704,49.863879,49.863334,49.863646,49.86339075000001,240,3225
2022-11-23 23:55:42.700000,49.862889,49.863559,49.863228,49.86458,49.863564,240,3225
2022-11-23 23:55:42.720000,49.862846,49.863273,49.863453,49.864312,49.863471000000004,240,3225
2022-11-23 23:55:42.740000,49.862861,49.863334,49.863905,49.86527,49.863842500000004,240,3225
2022-11-23 23:55:42.760000,49.864366,49.863981,49.864303,49.863607,49.86406425,240,3225
2022-11-23 23:55:42.780000,49.866917,49.864667,49.864978,49.863336,49.8649745,240,3225
2022-11-23 23:55:42.800000,49.867259,49.865412,49.866106,49.86595,49.866181749999996,240,3225
2022-11-23 23:55:42.820000,49.866125,49.866102,49.866746,49.865307,49.86607,240,3225
2022-11-23 23:55:42.840000,49.866691,49.86687,49.866998,49.867353,49.866978,240,3225
2022-11-23 23:55:42.860000,49.867881,49.866699,49.86735,49.86695,49.867219999999996,240,3225
2022-11-23 23:55:42.880000,49.86812,49.86588,49.867527,49.867481,49.867252,240,3225
2022-11-23 23:55:42.900000,49.867945,49.866894,49.867913,49.868194,49.86773650000001,240,3225
2022-11-23 23:55:42.920000,49.86856,49.868987,49.868815,49.868889,49.86881275,240,3225
2022-11-23 23:55:42.940000,49.869302,49.870025,49.869705,49.868482,49.8693785,240,3225
2022-11-23 23:55:42.960000,49.869806,49.869652,49.870569,49.869559,49.8698965,240,3225
2022-11-23 23:55:42.980000,49.869606,49.869601,49.87133,49.870991,49.870382,240,3225
2022-11-23 23:55:43.000000,49.868824,49.870556,49.871378,49.870408,49.8702915,240,3225
2022-11-23 23:55:43.020000,49.869194,49.871028,49.870691,49.870138,49.87026275,240,3225
2022-11-23 23:55:43.040000,49.870907,49.870949,49.870496,49.869163,49.87037875,240,3225
2022-11-23 23:55:43.060000,49.871384,49.870888,49.870655,49.87097,49.87097425,240,3225
2022-11-23 23:55:43.080000,49.87125,49.870995,49.87058,49.871283,49.871027,240,3225
2022-11-23 23:55:43.100000,49.872167,49.870857,49.870729,49.873185,49.871734499999995,240,3225
2022-11-23 23:55:43.120000,49.872856,49.871075,49.871562,49.871917,49.8718525,240,3225
2022-11-23 23:55:43.140000,49.872968,49.8727,49.872925,49.875148,49.87343525,240,3225
2022-11-23 23:55:43.160000,49.873079,49.874879,49.873954,49.874306,49.8740545,240,3225
2022-11-23 23:55:43.180000,49.873588,49.875204,49.874244,49.873333,49.87409225,240,3225
2022-11-23 23:55:43.200000,49.874737,49.874203,49.874574,49.873185,49.87417475,240,3225
2022-11-23 23:55:43.220000,49.876084,49.87376,49.875542,49.874861,49.87506175,240,3225
2022-11-23 23:55:43.240000,49.875592,49.874403,49.875788,49.875435,49.875304500000006,240,3225
2022-11-23 23:55:43.260000,49.875013,49.875185,49.875007,49.874847,49.875012999999996,240,3225
2022-11-23 23:55:43.280000,49.876426,49.875728,49.874602,49.877528,49.876070999999996,240,3225
2022-11-23 23:55:43.300000,49.877385,49.876385,49.874804,49.877806,49.876595,240,3225
2022-11-23 23:55:43.320000,49.876963,49.876648,49.875325,49.878574,49.876877500000006,240,3225
2022-11-23 23:55:43.340000,49.877815,49.877134,49.876825,49.87725,49.877256,240,3225
2022-11-23 23:55:43.360000,49.879485,49.878643,49.878582,49.879583,49.87907325,240,3225
2022-11-23 23:55:43.380000,49.879964,49.880089,49.87953,49.879028,49.879652750000005,240,3225
2022-11-23 23:55:43.400000,49.879958,49.880625,49.880086,49.879713,49.8800955,240,3225
2022-11-23 23:55:43.420000,49.879936,49.880531,49.880486,49.880426,49.88034475,240,3225
2022-11-23 23:55:43.440000,49.880638,49.880375,49.880838,49.879408,49.88031475,240,3225
2022-11-23 23:55:43.460000,49.881745,49.880148,49.88131,49.880111,49.8808285,240,3225
2022-11-23 23:55:43.480000,49.88188,49.880102,49.881676,49.880612,49.8810675,240,3225
2022-11-23 23:55:43.500000,49.882321,49.881703,49.881672,49.881814,49.8818775,240,3225
2022-11-23 23:55:43.520000,49.88406,49.883672,49.882356,49.882333,49.88310525,240,3225
2022-11-23 23:55:43.540000,49.884781,49.883828,49.883148,49.885102,49.88421475,240,3225
2022-11-23 23:55:43.560000,49.884199,49.883365,49.883612,49.883968,49.883786,240,3225
2022-11-23 23:55:43.580000,49.884528,49.883014,49.884744,49.884283,49.884142250000004,240,3225
2022-11-23 23:55:43.600000,49.885689,49.883296,49.886156,49.886342,49.88537075000001,240,3225
2022-11-23 23:55:43.620000,49.886954,49.884704,49.887269,49.885041,49.885992,240,3225
2022-11-23 23:55:43.640000,49.888255,49.885986,49.887908,49.885639,49.886947,240,3225
2022-11-23 23:55:43.660000,49.88832,49.885625,49.887819,49.887292,49.887264,240,3225
2022-11-23 23:55:43.680000,49.887518,49.885236,49.887207,49.887102,49.886765749999995,240,3225
2022-11-23 23:55:43.700000,49.888444,49.886218,49.887275,49.886889,49.887206500000005,240,3225
2022-11-23 23:55:43.720000,49.889305,49.887586,49.887624,49.887629,49.888036,240,3225
2022-11-23 23:55:43.740000,49.888163,49.888214,49.887679,49.888218,49.888068499999996,240,3225
2022-11-23 23:55:43.760000,49.888278,49.889051,49.888598,49.889199,49.8887815,240,3225
2022-11-23 23:55:43.780000,49.890031,49.890359,49.8902,49.890834,49.890356,240,3225
2022-11-23 23:55:43.800000,49.890111,49.891317,49.891561,49.891222,49.89105275,240,3225
2022-11-23 23:55:43.820000,49.889028,49.891745,49.892242,49.891111,49.891031500000004,240,3225
2022-11-23 23:55:43.840000,49.889704,49.892031,49.892224,49.890851,49.8912025,240,3225
2022-11-23 23:55:43.860000,49.891564,49.892304,49.892049,49.892223,49.89203500000001,240,3225
2022-11-23 23:55:43.880000,49.892861,49.892774,49.892213,49.892583,49.89260775,240,3225
2022-11-23 23:55:43.900000,49.893185,49.89388,49.892734,49.892084,49.89297075,240,3225
2022-11-23 23:55:43.920000,49.893522,49.893893,49.893758,49.892972,49.89353625,240,3225
2022-11-23 23:55:43.940000,49.894401,49.892933,49.894499,49.893684,49.893879250000005,240,3225
2022-11-23 23:55:43.960000,49.894694,49.892878,49.89505,49.89375,49.894093,240,3225
2022-11-23 23:55:43.980000,49.895162,49.893859,49.895746,49.894936,49.89492575,240,3225
2022-11-23 23:55:44.000000,49.895982,49.895249,49.895879,49.896231,49.89583525,240,3225
2022-11-23 23:55:44.020000,49.895934,49.89622,49.895612,49.896065,49.89595775,240,3225
2022-11-23 23:55:44.040000,49.895834,49.89621,49.895949,49.896787,49.896195000000006,240,3225
2022-11-23 23:55:44.060000,49.896381,49.896315,49.897128,49.898194,49.8970045,240,3225
2022-11-23 23:55:44.080000,49.897369,49.897403,49.897271,49.898555,49.8976495,240,3225
2022-11-23 23:55:44.100000,49.898116,49.899087,49.896438,49.895232,49.89721825,240,3225
2022-11-23 23:55:44.120000,49.898569,49.900302,49.896997,49.9,49.898967000000006,240,3225
2022-11-23 23:55:44.140000,49.899389,49.90046,49.899032,49.901639,49.900130000000004,240,3225
2022-11-23 23:55:44.160000,49.899445,49.899728,49.900729,49.900203,49.90002625,240,3225
2022-11-23 23:55:44.180000,49.899793,49.899392,49.901071,49.898908,49.899791,240,3225
2022-11-23 23:55:44.200000,49.901139,49.899912,49.900593,49.900472,49.900529,240,3225
2022-11-23 23:55:44.220000,49.901718,49.901064,49.900807,49.901436,49.90125625,240,3225
2022-11-23 23:55:44.240000,49.901634,49.901619,49.901744,49.902611,49.901902,240,3225
2022-11-23 23:55:44.260000,49.902,49.901065,49.902531,49.902111,49.90192675,240,3225
2022-11-23 23:55:44.280000,49.903116,49.900652,49.90329,49.904065,49.90278075,240,3225
2022-11-23 23:55:44.300000,49.904227,49.901028,49.903757,49.903685,49.90317424999999,240,3225
2022-11-23 23:55:44.320000,49.904968,49.902213,49.903987,49.90312,49.903572,240,3225
2022-11-23 23:55:44.340000,49.90574,49.903681,49.904221,49.905232,49.9047185,240,3225
2022-11-23 23:55:44.360000,49.906122,49.90561,49.904645,49.905157,49.905383500000006,240,3225
2022-11-23 23:55:44.380000,49.906349,49.906352,49.905227,49.906491,49.90610475,240,3225
2022-11-23 23:55:44.400000,49.906377,49.905667,49.905871,49.905722,49.90590925,240,3225
2022-11-23 23:55:44.420000,49.906578,49.90582,49.906592,49.905778,49.906192000000004,240,3225
2022-11-23 23:55:44.440000,49.907899,49.906283,49.906914,49.906555,49.90691275,240,3225
2022-11-23 23:55:44.460000,49.908834,49.90644,49.907168,49.906259,49.90717525,240,3225
2022-11-23 23:55:44.480000,49.908126,49.907083,49.907619,49.90763,49.907614499999994,240,3225
2022-11-23 23:55:44.500000,49.908011,49.907999,49.908211,49.907213,49.9078585,240,3225
2022-11-23 23:55:44.520000,49.909253,49.908695,49.908382,49.909574,49.908976,240,3225
2022-11-23 23:55:44.540000,49.910068,49.909278,49.908507,49.907981,49.9089585,240,3225
2022-11-23 23:55:44.560000,49.910362,49.909578,49.908854,49.909787,49.90964525,240,3225
2022-11-23 23:55:44.580000,49.911166,49.909866,49.909417,49.91001,49.91011475,240,3225
2022-11-23 23:55:44.600000,49.911442,49.911278,49.910756,49.910625,49.91102525,240,3225
2022-11-23 23:55:44.620000,49.911338,49.912149,49.912179,49.912301,49.91199175,240,3225
2022-11-23 23:55:44.640000,49.911289,49.911689,49.912946,49.9125,49.912106,240,3225
2022-11-23 23:55:44.660000,49.911331,49.911306,49.913452,49.912648,49.912184249999996,240,3225
2022-11-23 23:55:44.680000,49.912394,49.911944,49.913635,49.912954,49.912731750000006,240,3225
2022-11-23 23:55:44.700000,49.913503,49.913314,49.913322,49.913277,49.913354,240,3225
2022-11-23 23:55:44.720000,49.913469,49.914797,49.913656,49.912407,49.91358225,240,3225
2022-11-23 23:55:44.740000,49.913569,49.91569,49.914849,49.914,49.91452700000001,240,3225
2022-11-23 23:55:44.760000,49.914227,49.915644,49.915629,49.914306,49.9149515,240,3225
2022-11-23 23:55:44.780000,49.914445,49.9152,49.915581,49.914898,49.915031,240,3225
2022-11-23 23:55:44.800000,49.914351,49.915069,49.915556,49.915505,49.91512025,240,3225
2022-11-23 23:55:44.820000,49.914816,49.916018,49.916272,49.916376,49.9158705,240,3225
2022-11-23 23:55:44.840000,49.91564,49.91713,49.917101,49.91599,49.91646525,240,3225
2022-11-23 23:55:44.860000,49.916949,49.917315,49.918028,49.917361,49.91741325,240,3225
2022-11-23 23:55:44.880000,49.918535,49.917398,49.918447,49.918213,49.91814825,240,3225
2022-11-23 23:55:44.900000,49.919,49.918602,49.918483,49.918602,49.91867175,240,3225
2022-11-23 23:55:44.920000,49.91873,49.919893,49.918735,49.920148,49.9193765,240,3225
2022-11-23 23:55:44.940000,49.919464,49.920365,49.919407,49.92026,49.91987399999999,240,3225
2022-11-23 23:55:44.960000,49.920083,49.920699,49.919314,49.919629,49.91993124999999,240,3225
2022-11-23 23:55:44.980000,49.920126,49.920922,49.919475,49.920435,49.9202395,240,3225
2022-11-23 23:55:45.000000,49.920482,49.920744,49.920557,49.92063,49.92060325,240,3225
2022-11-23 23:55:45.020000,49.921816,49.920759,49.921465,49.921556,49.921399,240,3225
2022-11-23 23:55:45.040000,49.922916,49.921514,49.922208,49.921241,49.92196975,240,3225
2022-11-23 23:55:45.060000,49.922476,49.922727,49.922594,49.921926,49.922430750000004,240,3225
2022-11-23 23:55:45.080000,49.921126,49.923555,49.922751,49.921991,49.92235575,240,3225
2022-11-23 23:55:45.100000,49.92113,49.923976,49.923324,49.923185,49.922903749999996,240,3225
2022-11-23 23:55:45.120000,49.923171,49.923941,49.923718,49.923504,49.92358350000001,240,3225
2022-11-23 23:55:45.140000,49.924944,49.92388,49.923554,49.923384,49.9239405,240,3225
2022-11-23 23:55:45.160000,49.925968,49.924407,49.924117,49.92462,49.924778,240,3225
2022-11-23 23:55:45.180000,49.926213,49.925079,49.925639,49.925852,49.925695749999996,240,3225
2022-11-23 23:55:45.200000,49.926046,49.926028,49.926541,49.926231,49.9262115,240,3225
2022-11-23 23:55:45.220000,49.925961,49.927171,49.926634,49.926499,49.92656625,240,3225
2022-11-23 23:55:45.240000,49.926369,49.927042,49.926621,49.927774,49.9269515,240,3225
2022-11-23 23:55:45.260000,49.927991,49.926342,49.926541,49.927565,49.92710975,240,3225
2022-11-23 23:55:45.280000,49.929856,49.926458,49.927058,49.929181,49.928138249999996,240,3225
2022-11-23 23:55:45.300000,49.93075,49.927865,49.928501,49.928185,49.92882525,240,3225
2022-11-23 23:55:45.320000,49.931204,49.930107,49.930029,49.929389,49.93018225,240,3225
2022-11-23 23:55:45.340000,49.931504,49.93112,49.93145,49.930408,49.9311205,240,3225
2022-11-23 23:55:45.360000,49.931954,49.930167,49.932146,49.93099,49.93131425,240,3225
2022-11-23 23:55:45.380000,49.932815,49.929256,49.932017,49.931134,49.93130549999999,240,3225
2022-11-23 23:55:45.400000,49.932944,49.930196,49.932152,49.931551,49.93171075000001,240,3225
2022-11-23 23:55:45.420000,49.933158,49.93256,49.93286,49.931639,49.932554249999995,240,3225
2022-11-23 23:55:45.440000,49.934606,49.933841,49.933593,49.934185,49.93405625,240,3225
2022-11-23 23:55:45.460000,49.935519,49.934008,49.934202,49.932343,49.934018,240,3225
2022-11-23 23:55:45.480000,49.935016,49.933648,49.934707,49.93351,49.934220249999996,240,3225
2022-11-23 23:55:45.500000,49.93552,49.933486,49.934996,49.935481,49.93487075,240,3225
2022-11-23 23:55:45.520000,49.936518,49.934088,49.934983,49.934991,49.935145,240,3225
2022-11-23 23:55:45.540000,49.935916,49.934658,49.934818,49.934519,49.93497775,240,3225
2022-11-23 23:55:45.560000,49.935519,49.935633,49.935088,49.936602,49.9357105,240,3225
2022-11-23 23:55:45.580000,49.93656,49.937023,49.935971,49.936175,49.936432249999996,240,3225
2022-11-23 23:55:45.600000,49.937889,49.936931,49.937095,49.937769,49.937421,240,3225
2022-11-23 23:55:45.620000,49.939014,49.935144,49.938031,49.938583,49.937692999999996,240,3225
2022-11-23 23:55:45.640000,49.939277,49.934407,49.938105,49.937278,49.93726675,240,3225
2022-11-23 23:55:45.660000,49.938566,49.935444,49.938276,49.939129,49.93785375,240,3225
2022-11-23 23:55:45.680000,49.938889,49.936889,49.938987,49.937787,49.938137999999995,240,3225
2022-11-23 23:55:45.700000,49.939879,49.938084,49.939803,49.939847,49.93940325,240,3225
2022-11-23 23:55:45.720000,49.939555,49.938759,49.94064,49.939305,49.939564749999995,240,3225
2022-11-23 23:55:45.740000,49.939426,49.93882,49.941154,49.941533,49.94023324999999,240,3225
2022-11-23 23:55:45.760000,49.940954,49.939268,49.941512,49.941921,49.94091375,240,3225
2022-11-23 23:55:45.780000,49.942232,49.940352,49.94149,49.941389,49.94136575,240,3225
2022-11-23 23:55:45.800000,49.94218,49.941704,49.940743,49.940847,49.941368499999996,240,3225
2022-11-23 23:55:45.820000,49.941208,49.942661,49.940608,49.941653,49.9415325,240,3225
2022-11-23 23:55:45.840000,49.941297,49.942083,49.941828,49.941958,49.941791499999994,240,3225
2022-11-23 23:55:45.860000,49.943249,49.94126,49.943079,49.941532,49.94228,240,3225
2022-11-23 23:55:45.880000,49.944514,49.941976,49.944142,49.944009,49.94366024999999,240,3225
2022-11-23 23:55:45.900000,49.943825,49.94369,49.945106,49.944319,49.944235,240,3225
2022-11-23 23:55:45.920000,49.944677,49.944482,49.945371,49.943357,49.94447175,240,3225
2022-11-23 23:55:45.940000,49.946004,49.944565,49.945145,49.944278,49.944998,240,3225
2022-11-23 23:55:45.960000,49.944833,49.944717,49.945401,49.944578,49.94488225,240,3225
2022-11-23 23:55:45.980000,49.944176,49.944759,49.945648,49.944574,49.94478925,240,3225
2022-11-23 23:55:46.000000,49.945704,49.944755,49.94561,49.946111,49.945545,240,3225
2022-11-23 23:55:46.020000,49.946639,49.94507,49.945578,49.941542,49.94470725,240,3225
2022-11-23 23:55:46.040000,49.946416,49.945889,49.945284,49.948185,49.946443499999994,240,3225
2022-11-23 23:55:46.060000,49.946334,49.94719,49.945736,49.949856,49.947278999999995,240,3225
2022-11-23 23:55:46.080000,49.945972,49.948018,49.946812,49.947792,49.9471485,240,3225
2022-11-23 23:55:46.100000,49.946255,49.947875,49.947465,49.947518,49.947278250000004,240,3225
2022-11-23 23:55:46.120000,49.948314,49.948066,49.947871,49.948194,49.94811125,240,3225
2022-11-23 23:55:46.140000,49.949829,49.94918,49.948244,49.94819,49.94886075000001,240,3225
2022-11-23 23:55:46.160000,49.949888,49.949986,49.948366,49.949857,49.94952425,240,3225
2022-11-23 23:55:46.180000,49.950343,49.94982,49.948023,49.949138,49.949331,240,3225
2022-11-23 23:55:46.200000,49.949962,49.949565,49.947914,49.949619,49.949265,240,3225
2022-11-23 23:55:46.220000,49.948797,49.949777,49.948668,49.950288,49.9493825,240,3225
2022-11-23 23:55:46.240000,49.949245,49.950838,49.950076,49.949286,49.94986125,240,3225
2022-11-23 23:55:46.260000,49.95132,49.950857,49.951446,49.951094,49.951179249999996,240,3225
2022-11-23 23:55:46.280000,49.953083,49.949672,49.952484,49.951397,49.95165899999999,240,3225
2022-11-23 23:55:46.300000,49.953648,49.951105,49.952996,49.951683,49.952358000000004,240,3225
2022-11-23 23:55:46.320000,49.952899,49.953648,49.953181,49.952623,49.95308775000001,240,3225
2022-11-23 23:55:46.340000,49.952945,49.953695,49.953195,49.953066,49.95322525,240,3225
2022-11-23 23:55:46.360000,49.954445,49.952911,49.953255,49.953729,49.953585000000004,240,3225
2022-11-23 23:55:46.380000,49.95453,49.953764,49.954119,49.953083,49.953874,240,3225
2022-11-23 23:55:46.400000,49.954236,49.955667,49.954778,49.954729,49.9548525,240,3225
2022-11-23 23:55:46.420000,49.955972,49.956967,49.954664,49.954412,49.95550375,240,3225
2022-11-23 23:55:46.440000,49.957226,49.956986,49.955106,49.955854,49.956293,240,3225
2022-11-23 23:55:46.460000,49.956275,49.956385,49.955746,49.955665,49.95601775,240,3225
2022-11-23 23:55:46.480000,49.955565,49.956786,49.956261,49.957242,49.9564635,240,3225
2022-11-23 23:55:46.500000,49.956389,49.958606,49.957774,49.95611,49.95721975,240,3225
2022-11-23 23:55:46.520000,49.956943,49.958964,49.959502,49.957929,49.9583345,240,3225
2022-11-23 23:55:46.540000,49.957147,49.958097,49.957904,49.958209,49.957839250000006,240,3225
2022-11-23 23:55:46.560000,49.957763,49.958407,49.953092,49.957626,49.956722,240,3225
2022-11-23 23:55:46.580000,49.958768,49.958861,49.951897,49.958734,49.957065,240,3225
2022-11-23 23:55:46.600000,49.959514,49.958491,49.955882,49.959587,49.9583685,240,3225
2022-11-23 23:55:46.620000,49.959338,49.958621,49.96108,49.959161,49.95955,240,3225
2022-11-23 23:55:46.640000,49.959551,49.960027,49.964452,49.95971,49.960935,240,3225
2022-11-23 23:55:46.660000,49.960485,49.961894,49.964607,49.961127,49.96202825,240,3225
2022-11-23 23:55:46.680000,49.961315,49.962564,49.963808,49.959864,49.96188775,240,3225
2022-11-23 23:55:46.700000,49.962106,49.962389,49.963164,49.96265,49.96257725,240,3225
2022-11-23 23:55:46.720000,49.963028,49.962314,49.961719,49.963033,49.9625235,240,3225
2022-11-23 23:55:46.740000,49.96306,49.9627,49.961076,49.962811,49.96241175,240,3225
2022-11-23 23:55:46.760000,49.962853,49.963662,49.961603,49.963718,49.962959,240,3225
2022-11-23 23:55:46.780000,49.963779,49.964375,49.962635,49.964302,49.963772750000004,240,3225
2022-11-23 23:55:46.800000,49.963742,49.964908,49.963922,49.964483,49.96426375,240,3225
2022-11-23 23:55:46.820000,49.962143,49.96557,49.965232,49.964136,49.96427025,240,3225
2022-11-23 23:55:46.840000,49.963134,49.966084,49.965972,49.96417,49.964839999999995,240,3225
2022-11-23 23:55:46.860000,49.965996,49.966309,49.966133,49.965958,49.966099,240,3225
2022-11-23 23:55:46.880000,49.966416,49.966356,49.966143,49.966965,49.96647,240,3225
2022-11-23 23:55:46.900000,49.965449,49.966745,49.966442,49.966373,49.966252250000004,240,3225
2022-11-23 23:55:46.920000,49.96595,49.967064,49.96701,49.967358,49.9668455,240,3225
2022-11-23 23:55:46.940000,49.968019,49.966912,49.967602,49.967169,49.967425500000004,240,3225
2022-11-23 23:55:46.960000,49.969496,49.96688,49.968236,49.967033,49.96791125,240,3225
2022-11-23 23:55:46.980000,49.969949,49.967468,49.968793,49.969156,49.968841499999996,240,3225
2022-11-23 23:55:47.000000,49.969866,49.968847,49.968817,49.969732,49.9693155,240,3225
2022-11-23 23:55:47.020000,49.969996,49.969842,49.968843,49.969995,49.969668999999996,240,3225
2022-11-23 23:55:47.040000,49.970801,49.970149,49.969381,49.969864,49.97004875,240,3225
2022-11-23 23:55:47.060000,49.970963,49.970162,49.970465,49.970144,49.9704335,240,3225
2022-11-23 23:55:47.080000,49.971221,49.970624,49.972249,49.970695,49.97119725,240,3225
2022-11-23 23:55:47.100000,49.972519,49.971694,49.973401,49.972181,49.97244875,240,3225
2022-11-23 23:55:47.120000,49.97288,49.972268,49.973545,49.972109,49.9727005,240,3225
2022-11-23 23:55:47.140000,49.972449,49.972658,49.973751,49.972771,49.97290725,240,3225
2022-11-23 23:55:47.160000,49.973226,49.973584,49.972319,49.972217,49.9728365,240,3225
2022-11-23 23:55:47.180000,49.974468,49.973227,49.969276,49.974739,49.972927500000004,240,3225
2022-11-23 23:55:47.200000,49.975065,49.972356,49.970351,49.973465,49.97280925,240,3225
2022-11-23 23:55:47.220000,49.975078,49.973667,49.975225,49.973482,49.974363,240,3225
2022-11-23 23:55:47.240000,49.97457,49.975352,49.977919,49.975671,49.975878,240,3225
2022-11-23 23:55:47.260000,49.974764,49.97517,49.977991,49.975302,49.975806750000004,240,3225
2022-11-23 23:55:47.280000,49.976518,49.974629,49.97599,49.975699,49.975708999999995,240,3225
2022-11-23 23:55:47.300000,49.977093,49.974894,49.974081,49.975933,49.975500249999996,240,3225
2022-11-23 23:55:47.320000,49.975963,49.975292,49.974728,49.977224,49.97580175,240,3225
2022-11-23 23:55:47.340000,49.976343,49.975932,49.976582,49.977113,49.9764925,240,3225
2022-11-23 23:55:47.360000,49.978449,49.976824,49.978124,49.976523,49.97748,240,3225
2022-11-23 23:55:47.380000,49.979392,49.977491,49.978973,49.9782,49.978514000000004,240,3225
2022-11-23 23:55:47.400000,49.978782,49.978019,49.978626,49.97834,49.97844175,240,3225
2022-11-23 23:55:47.420000,49.978839,49.978504,49.978355,49.977919,49.97840425,240,3225
2022-11-23 23:55:47.440000,49.979991,49.978819,49.978952,49.979424,49.9792965,240,3225
2022-11-23 23:55:47.460000,49.981365,49.979223,49.979542,49.980703,49.980208250000004,240,3225
2022-11-23 23:55:47.480000,49.981537,49.98048,49.979839,49.979556,49.980353,240,3225
2022-11-23 23:55:47.500000,49.981149,49.98174,49.980829,49.980563,49.981070249999995,240,3225
2022-11-23 23:55:47.520000,49.981481,49.980649,49.982017,49.982797,49.981736,240,3225
2022-11-23 23:55:47.540000,49.981823,49.978764,49.982243,49.980694,49.980881000000004,240,3225
2022-11-23 23:55:47.560000,49.981769,49.978856,49.982195,49.980554,49.98084349999999,240,3225
2022-11-23 23:55:47.580000,49.981825,49.98031,49.981885,49.982518,49.9816345,240,3225
2022-11-23 23:55:47.600000,49.98287,49.981551,49.981463,49.981343,49.981806750000004,240,3225
2022-11-23 23:55:47.620000,49.983332,49.982671,49.981692,49.982115,49.9824525,240,3225
2022-11-23 23:55:47.640000,49.982644,49.983879,49.982556,49.984304,49.98334575,240,3225
2022-11-23 23:55:47.660000,49.983246,49.984286,49.983126,49.982359,49.98325425,240,3225
2022-11-23 23:55:47.680000,49.98499,49.983954,49.983467,49.984989,49.98434999999999,240,3225
2022-11-23 23:55:47.700000,49.985449,49.983908,49.983846,49.984885,49.984522,240,3225
2022-11-23 23:55:47.720000,49.985311,49.984676,49.984317,49.984696,49.984750000000005,240,3225
2022-11-23 23:55:47.740000,49.98538,49.985042,49.985145,49.984613,49.985045,240,3225
2022-11-23 23:55:47.760000,49.985565,49.984421,49.985941,49.986493,49.985605,240,3225
2022-11-23 23:55:47.780000,49.986249,49.984051,49.986728,49.984881,49.98547725,240,3225
2022-11-23 23:55:47.800000,49.98662,49.985301,49.987522,49.985393,49.986209,240,3225
2022-11-23 23:55:47.820000,49.985399,49.986844,49.987719,49.986834,49.986699,240,3225
2022-11-23 23:55:47.840000,49.984966,49.987545,49.9874,49.98626,49.98654275,240,3225
2022-11-23 23:55:47.860000,49.986877,49.987893,49.987527,49.986762,49.98726475,240,3225
2022-11-23 23:55:47.880000,49.987773,49.98781,49.987823,49.988366,49.987943,240,3225
2022-11-23 23:55:47.900000,49.98757,49.987792,49.988119,49.988067,49.987887,240,3225
2022-11-23 23:55:47.920000,49.988292,49.988241,49.988061,49.98774,49.9880835,240,3225
2022-11-23 23:55:47.940000,49.98924,49.988731,49.98807,49.988639,49.98867,240,3225
2022-11-23 23:55:47.960000,49.989459,49.989204,49.988356,49.988616,49.98890875,240,3225
2022-11-23 23:55:47.980000,49.98888,49.989791,49.988649,49.989029,49.98908725,240,3225
2022-11-23 23:55:48.000000,49.98855,49.990111,49.988932,49.990409,49.9895005,240,3225
2022-11-23 23:55:48.020000,49.989036,49.989949,49.989262,49.989705,49.989487999999994,240,3225
2022-11-23 23:55:48.040000,49.989889,49.990352,49.989449,49.98966,49.98983750000001,240,3225
2022-11-23 23:55:48.060000,49.990454,49.991144,49.98965,49.990783,49.99050775,240,3225
2022-11-23 23:55:48.080000,49.991201,49.991759,49.990091,49.989294,49.99058625,240,3225
2022-11-23 23:55:48.100000,49.99277,49.992583,49.990903,49.987094,49.9908375,240,3225
2022-11-23 23:55:48.120000,49.992653,49.992709,49.991677,49.99389,49.992732249999996,240,3225
2022-11-23 23:55:48.140000,49.991445,49.992453,49.992196,49.993175,49.99231725,240,3225
2022-11-23 23:55:48.160000,49.99225,49.992982,49.992597,49.993758,49.99289675,240,3225
2022-11-23 23:55:48.180000,49.993735,49.993815,49.993055,49.991637,49.9930605,240,3225
2022-11-23 23:55:48.200000,49.993921,49.994542,49.992892,49.99279,49.993536250000005,240,3225
2022-11-23 23:55:48.220000,49.993649,49.995194,49.992347,49.993077,49.99356675,240,3225
2022-11-23 23:55:48.240000,49.993228,49.994653,49.991951,49.993205,49.993259249999994,240,3225
2022-11-23 23:55:48.260000,49.993249,49.99357,49.991729,49.993306,49.992963499999995,240,3225
2022-11-23 23:55:48.280000,49.994028,49.993745,49.992353,49.994848,49.9937435,240,3225
2022-11-23 23:55:48.300000,49.993732,49.99481,49.993298,49.994478,49.9940795,240,3225
2022-11-23 23:55:48.320000,49.99325,49.99563,49.993717,49.994979,49.994394,240,3225
2022-11-23 23:55:48.340000,49.994712,49.995838,49.994814,49.99445,49.9949535,240,3225
2022-11-23 23:55:48.360000,49.996181,49.995685,49.996386,49.99416,49.995602999999996,240,3225
2022-11-23 23:55:48.380000,49.996339,49.996407,49.996788,49.995549,49.996270749999994,240,3225
2022-11-23 23:55:48.400000,49.995949,49.998306,49.996555,49.99613,49.996735,240,3225
2022-11-23 23:55:48.420000,49.995616,49.99881,49.996918,49.996819,49.99704075,240,3225
2022-11-23 23:55:48.440000,49.996032,49.998176,49.997312,49.995259,49.99669475,240,3225
2022-11-23 23:55:48.460000,49.997171,49.99782,49.997158,49.996662,49.99720275,240,3225
2022-11-23 23:55:48.480000,49.997565,49.997246,49.997114,49.99751,49.997358750000004,240,3225
2022-11-23 23:55:48.500000,49.997838,49.997129,49.997301,49.997236,49.997376,240,3225
2022-11-23 23:55:48.520000,49.998602,49.998422,49.997453,49.997602,49.99801975,240,3225
2022-11-23 23:55:48.540000,49.99895,49.999574,49.998008,49.999314,49.9989615,240,3225
2022-11-23 23:55:48.560000,49.999074,50.000041,49.998885,49.998759,49.99918975,240,3225
2022-11-23 23:55:48.580000,49.999749,50.000185,49.999889,49.998884,49.99967675,240,3225
2022-11-23 23:55:48.600000,49.999792,50.000073,50.000648,50.000139,50.000163,240,3225
2022-11-23 23:55:48.620000,49.998978,50.000107,50.000684,49.999189,49.999739500000004,240,3225
2022-11-23 23:55:48.640000,49.999092,50.000551,50.000067,49.999982,49.999922999999995,240,3225
2022-11-23 23:55:48.660000,50.000268,50.001362,50.00022,50.000834,50.000671,240,3225
2022-11-23 23:55:48.680000,50.001301,50.002195,50.000749,50.001791,50.001509,240,3225
2022-11-23 23:55:48.700000,50.002106,50.003258,50.00147,50.001426,50.002065,240,3225
2022-11-23 23:55:48.720000,50.002112,50.003458,50.002168,50.00357,50.002827,240,3225
2022-11-23 23:55:48.740000,50.001027,50.0025,50.002312,50.000995,50.00170849999999,240,3225
2022-11-23 23:55:48.760000,50.001046,50.002149,50.002653,50.001953,50.00195025000001,240,3225
2022-11-23 23:55:48.780000,50.002204,50.002782,50.003541,50.003329,50.002964000000006,240,3225
2022-11-23 23:55:48.800000,50.002787,50.003402,50.00372,50.004579,50.003622,240,3225
2022-11-23 23:55:48.820000,50.003324,50.004065,50.003323,50.003185,50.00347425,240,3225
2022-11-23 23:55:48.840000,50.003991,50.00425,50.00314,50.003889,50.0038175,240,3225
2022-11-23 23:55:48.860000,50.00419,50.00369,50.004215,50.00445,50.004136249999995,240,3225
2022-11-23 23:55:48.880000,50.00418,50.004134,50.005513,50.00429,50.00452925,240,3225
2022-11-23 23:55:48.900000,50.004337,50.005347,50.005731,50.005172,50.005146749999994,240,3225
2022-11-23 23:55:48.920000,50.005277,50.005727,50.005466,50.00443,50.005224999999996,240,3225
2022-11-23 23:55:48.940000,50.006667,50.005195,50.005206,50.005832,50.005725,240,3225
2022-11-23 23:55:48.960000,50.00669,50.004862,50.005304,50.005397,50.005563249999994,240,3225
2022-11-23 23:55:48.980000,50.005708,50.005231,50.006278,50.006115,50.005833,240,3225
2022-11-23 23:55:49.000000,50.006236,50.006051,50.007159,50.007256,50.0066755,240,3225
2022-11-23 23:55:49.020000,50.007449,50.006264,50.007638,50.006791,50.00703549999999,240,3225
2022-11-23 23:55:49.040000,50.007231,50.006824,50.007945,50.007489,50.007372249999996,240,3225
2022-11-23 23:55:49.060000,50.007338,50.007611,50.007941,50.006809,50.007424750000006,240,3225
2022-11-23 23:55:49.080000,50.008283,50.007375,50.007737,50.006956,50.00758775,240,3225
2022-11-23 23:55:49.100000,50.008626,50.007236,50.007613,50.009452,50.00823175,240,3225
2022-11-23 23:55:49.120000,50.008982,50.008203,50.008007,50.00833,50.0083805,240,3225
2022-11-23 23:55:49.140000,50.009388,50.009236,50.008647,50.008586,50.008964250000005,240,3225
2022-11-23 23:55:49.160000,50.009197,50.010041,50.009129,50.009308,50.00941875,240,3225
2022-11-23 23:55:49.180000,50.009694,50.010116,50.009079,50.01013,50.00975475,240,3225
2022-11-23 23:55:49.200000,50.011171,50.009569,50.009571,50.008906,50.009804249999995,240,3225
2022-11-23 23:55:49.220000,50.011426,50.009444,50.010391,50.009979,50.010310000000004,240,3225
2022-11-23 23:55:49.240000,50.010772,50.009862,50.010343,50.011432,50.010602250000005,240,3225
2022-11-23 23:55:49.260000,50.011112,50.009963,50.010051,50.011231,50.01058925,240,3225
2022-11-23 23:55:49.280000,50.011024,50.009384,50.010007,50.011117,50.010383000000004,240,3225
2022-11-23 23:55:49.300000,50.009977,50.009256,50.010072,50.010546,50.00996275,240,3225
2022-11-23 23:55:49.320000,50.010083,50.009838,50.010906,50.010549,50.010344,240,3225
2022-11-23 23:55:49.340000,50.01112,50.010495,50.011927,50.011816,50.011339500000005,240,3225
2022-11-23 23:55:49.360000,50.012491,50.011231,50.01245,50.011824,50.011998999999996,240,3225
2022-11-23 23:55:49.380000,50.013236,50.011773,50.012325,50.013028,50.012590499999995,240,3225
2022-11-23 23:55:49.400000,50.012714,50.012598,50.012094,50.012239,50.01241125,240,3225
2022-11-23 23:55:49.420000,50.012423,50.01374,50.012469,50.013166,50.012949500000005,240,3225
2022-11-23 23:55:49.440000,50.01314,50.01368,50.013011,50.013484,50.01332875,240,3225
2022-11-23 23:55:49.460000,50.013582,50.012097,50.01312,50.012358,50.01278925,240,3225
2022-11-23 23:55:49.480000,50.013403,50.011416,50.013318,50.013193,50.0128325,240,3225
2022-11-23 23:55:49.500000,50.014547,50.012657,50.013872,50.0128,50.013469,240,3225
2022-11-23 23:55:49.520000,50.015677,50.013722,50.013868,50.014149,50.014354000000004,240,3225
2022-11-23 23:55:49.540000,50.014096,50.013301,50.013791,50.014431,50.01390475,240,3225
2022-11-23 23:55:49.560000,50.012976,50.012565,50.014647,50.01418,50.013592,240,3225
2022-11-23 23:55:49.580000,50.013713,50.013047,50.01542,50.014576,50.014189,240,3225
2022-11-23 23:55:49.600000,50.014325,50.014204,50.015546,50.014475,50.0146375,240,3225
2022-11-23 23:55:49.620000,50.014574,50.01488,50.015126,50.01442,50.01475,240,3225
2022-11-23 23:55:49.640000,50.014782,50.015292,50.014635,50.014042,50.01468775000001,240,3225
2022-11-23 23:55:49.660000,50.01501,50.015778,50.015056,50.016225,50.015517249999995,240,3225
2022-11-23 23:55:49.680000,50.01543,50.015583,50.015691,50.015428,50.015533000000005,240,3225
2022-11-23 23:55:49.700000,50.015602,50.015273,50.015666,50.016116,50.01566425,240,3225
2022-11-23 23:55:49.720000,50.01481,50.016134,50.01551,50.014858,50.015328000000004,240,3225
2022-11-23 23:55:49.740000,50.014648,50.016949,50.016126,50.016554,50.01606925,240,3225
2022-11-23 23:55:49.760000,50.016269,50.016889,50.016556,50.01625,50.016491,240,3225
2022-11-23 23:55:49.780000,50.017949,50.016185,50.016709,50.017326,50.017042249999996,240,3225
2022-11-23 23:55:49.800000,50.017273,50.015101,50.01687,50.016128,50.016343,240,3225
2022-11-23 23:55:49.820000,50.015287,50.014751,50.016629,50.017209,50.015969,240,3225
2022-11-23 23:55:49.840000,50.015583,50.01582,50.016319,50.016248,50.015992499999996,240,3225
2022-11-23 23:55:49.860000,50.017421,50.016972,50.016719,50.01683,50.0169855,240,3225
2022-11-23 23:55:49.880000,50.017532,50.017606,50.017314,50.017915,50.01759175000001,240,3225
2022-11-23 23:55:49.900000,50.017269,50.01831,50.017605,50.017059,50.01756075,240,3225
2022-11-23 23:55:49.920000,50.018546,50.018557,50.017507,50.017791,50.01810025,240,3225
2022-11-23 23:55:49.940000,50.019194,50.017907,50.017219,50.016935,50.01781375,240,3225
2022-11-23 23:55:49.960000,50.017541,50.017834,50.017621,50.018772,50.017942000000005,240,3225
2022-11-23 23:55:49.980000,50.016477,50.01861,50.018864,50.018303,50.018063500000004,240,3225
2022-11-23 23:55:50.000000,50.01781,50.019362,50.019462,50.018361,50.01874875,240,3225
2022-11-23 23:55:50.020000,50.018379,50.019546,50.018756,50.018758,50.01885975,240,3225
2022-11-23 23:55:50.040000,50.01774,50.019268,50.01808,50.018037,50.01828125,240,3225
2022-11-23 23:55:50.060000,50.018231,50.019477,50.018155,50.019153,50.018754,240,3225
2022-11-23 23:55:50.080000,50.019519,50.020482,50.018765,50.020305,50.01976775,240,3225
2022-11-23 23:55:50.100000,50.0202,50.021399,50.019176,50.019839,50.0201535,240,3225
2022-11-23 23:55:50.120000,50.02025,50.021453,50.019273,50.018894,50.01996749999999,240,3225
2022-11-23 23:55:50.140000,50.020227,50.021463,50.019217,50.019712,50.020154749999996,240,3225
2022-11-23 23:55:50.160000,50.020208,50.02163,50.01956,50.019736,50.0202835,240,3225
2022-11-23 23:55:50.180000,50.02057,50.021083,50.020199,50.021109,50.020740249999996,240,3225
2022-11-23 23:55:50.200000,50.020902,50.020116,50.020698,50.020433,50.020537250000004,240,3225
2022-11-23 23:55:50.220000,50.021509,50.020971,50.021375,50.021392,50.02131175,240,3225
2022-11-23 23:55:50.240000,50.022134,50.022491,50.021739,50.022488,50.022213,240,3225
2022-11-23 23:55:50.260000,50.022069,50.022208,50.021595,50.019578,50.021362499999995,240,3225
2022-11-23 23:55:50.280000,50.021292,50.020996,50.02169,50.021114,50.021272999999994,240,3225
2022-11-23 23:55:50.300000,50.020787,50.020857,50.021621,50.021111,50.021094,240,3225
2022-11-23 23:55:50.320000,50.021449,50.022115,50.021106,50.019984,50.0211635,240,3225
2022-11-23 23:55:50.340000,50.022176,50.024102,50.021175,50.02336,50.02270325,240,3225
2022-11-23 23:55:50.360000,50.022362,50.024741,50.021818,50.023187,50.023027,240,3225
2022-11-23 23:55:50.380000,50.022013,50.023599,50.022376,50.023623,50.02290275,240,3225
2022-11-23 23:55:50.400000,50.02162,50.022756,50.022565,50.022475,50.02235399999999,240,3225
2022-11-23 23:55:50.420000,50.022079,50.023254,50.022714,50.022642,50.02267225,240,3225
2022-11-23 23:55:50.440000,50.022889,50.024188,50.022693,50.022233,50.02300075,240,3225
2022-11-23 23:55:50.460000,50.022398,50.024027,50.022904,50.023452,50.02319524999999,240,3225
2022-11-23 23:55:50.480000,50.02229,50.024162,50.023208,50.023629,50.02332225,240,3225
2022-11-23 23:55:50.500000,50.023892,50.025088,50.023527,50.024234,50.02418525,240,3225
2022-11-23 23:55:50.520000,50.024783,50.02482,50.024261,50.023938,50.0244505,240,3225
2022-11-23 23:55:50.540000,50.023796,50.023362,50.025,50.024743,50.02422525,240,3225
2022-11-23 23:55:50.560000,50.023195,50.023005,50.025092,50.02405,50.023835500000004,240,3225
2022-11-23 23:55:50.580000,50.023662,50.024463,50.024726,50.025671,50.0246305,240,3225
2022-11-23 23:55:50.600000,50.024699,50.02594,50.024674,50.024602,50.02497875,240,3225
2022-11-23 23:55:50.620000,50.025764,50.02594,50.025084,50.02624,50.025757,240,3225
2022-11-23 23:55:50.640000,50.026259,50.024657,50.025408,50.0257,50.025506,240,3225
2022-11-23 23:55:50.660000,50.026097,50.023662,50.025652,50.026236,50.02541175,240,3225
2022-11-23 23:55:50.680000,50.02581,50.024101,50.026023,50.025985,50.02547975,240,3225
2022-11-23 23:55:50.700000,50.025514,50.025579,50.026103,50.025555,50.02568775,240,3225
2022-11-23 23:55:50.720000,50.025682,50.026991,50.026351,50.026818,50.0264605,240,3225
2022-11-23 23:55:50.740000,50.026584,50.027393,50.026932,50.02624,50.026787250000005,240,3225
2022-11-23 23:55:50.760000,50.027338,50.026865,50.027412,50.026249,50.026966,240,3225
2022-11-23 23:55:50.780000,50.027449,50.026324,50.027425,50.026661,50.02696475,240,3225
2022-11-23 23:55:50.800000,50.027167,50.025843,50.027648,50.027922,50.027145,240,3225
2022-11-23 23:55:50.820000,50.026755,50.025694,50.028095,50.027507,50.02701275,240,3225
2022-11-23 23:55:50.840000,50.026875,50.026504,50.028364,50.026792,50.027133750000004,240,3225
2022-11-23 23:55:50.860000,50.028347,50.027333,50.02859,50.028624,50.0282235,240,3225
2022-11-23 23:55:50.880000,50.029055,50.027343,50.028754,50.026943,50.02802375,240,3225
2022-11-23 23:55:50.900000,50.028347,50.027222,50.028496,50.028993,50.02826449999999,240,3225
2022-11-23 23:55:50.920000,50.028857,50.027315,50.028342,50.029746,50.028565,240,3225
2022-11-23 23:55:50.940000,50.03,50.027912,50.028694,50.028449,50.02876375,240,3225
2022-11-23 23:55:50.960000,50.029754,50.029163,50.028631,50.029441,50.02924725,240,3225
2022-11-23 23:55:50.980000,50.029158,50.029666,50.028244,50.028751,50.02895475,240,3225
2022-11-23 23:55:51.000000,50.029551,50.028805,50.028805,50.028651,50.028953,240,3225
2022-11-23 23:55:51.020000,50.030116,50.02769,50.029299,50.029694,50.029199750000004,240,3225
2022-11-23 23:55:51.040000,50.030167,50.026969,50.029277,50.030406,50.02920475,240,3225
2022-11-23 23:55:51.060000,50.029902,50.027472,50.029754,50.029621,50.02918725,240,3225
2022-11-23 23:55:51.080000,50.03,50.028523,50.03044,50.029855,50.0297045,240,3225
2022-11-23 23:55:51.100000,50.03114,50.028955,50.031068,50.030701,50.030466,240,3225
2022-11-23 23:55:51.120000,50.031602,50.028823,50.031149,50.031241,50.03070375,240,3225
2022-11-23 23:55:51.140000,50.031106,50.028736,50.030983,50.029997,50.0302055,240,3225
2022-11-23 23:55:51.160000,50.03163,50.028944,50.03097,50.029854,50.0303495,240,3225
2022-11-23 23:55:51.180000,50.032556,50.03,50.031209,50.030567,50.031082999999995,240,3225
2022-11-23 23:55:51.200000,50.032171,50.031361,50.031604,50.031787,50.03173075,240,3225
2022-11-23 23:55:51.220000,50.031204,50.031153,50.031652,50.03029,50.03107475,240,3225
2022-11-23 23:55:51.240000,50.031301,50.029968,50.031692,50.030284,50.03081125,240,3225
2022-11-23 23:55:51.260000,50.032343,50.029796,50.031634,50.030948,50.03118025,240,3225
2022-11-23 23:55:51.280000,50.032963,50.030625,50.031361,50.030172,50.03128025,240,3225
2022-11-23 23:55:51.300000,50.032536,50.03144,50.031086,50.033042,50.032025999999995,240,3225
2022-11-23 23:55:51.320000,50.031732,50.031995,50.031408,50.032075,50.0318025,240,3225
2022-11-23 23:55:51.340000,50.032121,50.031917,50.0322,50.034888,50.0327815,240,3225
2022-11-23 23:55:51.360000,50.032648,50.031061,50.032149,50.031354,50.031803,240,3225
2022-11-23 23:55:51.380000,50.031861,50.030828,50.03181,50.031106,50.03140125,240,3225
2022-11-23 23:55:51.400000,50.031296,50.031245,50.032101,50.031391,50.03150825,240,3225
2022-11-23 23:55:51.420000,50.032555,50.031287,50.032159,50.030425,50.0316065,240,3225
2022-11-23 23:55:51.440000,50.033565,50.031643,50.032105,50.031552,50.032216250000005,240,3225
2022-11-23 23:55:51.460000,50.032931,50.032556,50.032419,50.032345,50.03256275,240,3225
2022-11-23 23:55:51.480000,50.032445,50.032505,50.032666,50.033887,50.03287575,240,3225
2022-11-23 23:55:51.500000,50.032939,50.031856,50.032565,50.03291,50.0325675,240,3225
2022-11-23 23:55:51.520000,50.032921,50.031602,50.032381,50.031971,50.03221875,240,3225
2022-11-23 23:55:51.540000,50.032421,50.0315,50.032698,50.03302,50.03240975,240,3225
2022-11-23 23:55:51.560000,50.03257,50.032264,50.032819,50.031699,50.032337999999996,240,3225
2022-11-23 23:55:51.580000,50.033625,50.033305,50.032581,50.032898,50.03310225,240,3225
2022-11-23 23:55:51.600000,50.034296,50.032699,50.032613,50.033634,50.0333105,240,3225
2022-11-23 23:55:51.620000,50.032861,50.031524,50.032713,50.033337,50.032608749999994,240,3225
2022-11-23 23:55:51.640000,50.031199,50.032153,50.032679,50.033052,50.03227075,240,3225
2022-11-23 23:55:51.660000,50.032,50.033426,50.032924,50.033569,50.03297975,240,3225
2022-11-23 23:55:51.680000,50.033537,50.033907,50.033229,50.032403,50.033269000000004,240,3225
2022-11-23 23:55:51.700000,50.033481,50.034394,50.033122,50.034297,50.033823500000004,240,3225
2022-11-23 23:55:51.720000,50.03271,50.034986,50.032568,50.033305,50.033392250000006,240,3225
2022-11-23 23:55:51.740000,50.03282,50.035074,50.032705,50.033333,50.033483,240,3225
2022-11-23 23:55:51.760000,50.033022,50.0345,50.033002,50.034051,50.03364375,240,3225
2022-11-23 23:55:51.780000,50.032715,50.033852,50.033395,50.03432,50.0335705,240,3225
2022-11-23 23:55:51.800000,50.032063,50.034209,50.033892,50.03374,50.033476,240,3225
2022-11-23 23:55:51.820000,50.031495,50.035154,50.034216,50.03444,50.03382625,240,3225
2022-11-23 23:55:51.840000,50.032347,50.035157,50.034097,50.032625,50.0335565,240,3225
2022-11-23 23:55:51.860000,50.033389,50.034282,50.033957,50.034055,50.03392075,240,3225
2022-11-23 23:55:51.880000,50.033209,50.033448,50.033631,50.034857,50.03378624999999,240,3225
2022-11-23 23:55:51.900000,50.033514,50.033722,50.033316,50.033573,50.033531249999996,240,3225
2022-11-23 23:55:51.920000,50.034527,50.03513,50.0332,50.03463,50.03437175,240,3225
2022-11-23 23:55:51.940000,50.034305,50.03657,50.033053,50.034986,50.0347285,240,3225
2022-11-23 23:55:51.960000,50.033075,50.036621,50.033736,50.03249,50.0339805,240,3225
2022-11-23 23:55:51.980000,50.033255,50.035736,50.034637,50.03387,50.0343745,240,3225
2022-11-23 23:55:52.000000,50.034667,50.035689,50.034896,50.034621,50.034968250000006,240,3225
2022-11-23 23:55:52.020000,50.035153,50.036375,50.034639,50.033454,50.03490525,240,3225
2022-11-23 23:55:52.040000,50.034852,50.036317,50.034573,50.034468,50.0350525,240,3225
2022-11-23 23:55:52.060000,50.034456,50.035575,50.034898,50.035509,50.0351095,240,3225
2022-11-23 23:55:52.080000,50.034103,50.035436,50.034942,50.031708,50.03404725,240,3225
2022-11-23 23:55:52.100000,50.034092,50.036129,50.034776,50.030144,50.03378525,240,3225
2022-11-23 23:55:52.120000,50.034208,50.036283,50.034727,50.03706,50.0355695,240,3225
2022-11-23 23:55:52.140000,50.034676,50.035833,50.035075,50.03625,50.0354585,240,3225
2022-11-23 23:55:52.160000,50.035797,50.035981,50.035623,50.036245,50.0359115,240,3225
2022-11-23 23:55:52.180000,50.036721,50.036686,50.035603,50.034033,50.03576075,240,3225
2022-11-23 23:55:52.200000,50.036838,50.036801,50.035264,50.035973,50.036219,240,3225
2022-11-23 23:55:52.220000,50.036032,50.035995,50.035338,50.035676,50.035760249999996,240,3225
2022-11-23 23:55:52.240000,50.03494,50.035967,50.035353,50.035718,50.035494500000006,240,3225
2022-11-23 23:55:52.260000,50.034936,50.036611,50.03555,50.035532,50.03565725,240,3225
2022-11-23 23:55:52.280000,50.035176,50.036422,50.035577,50.034885,50.035515,240,3225
2022-11-23 23:55:52.300000,50.035172,50.036615,50.035728,50.035527,50.0357605,240,3225
2022-11-23 23:55:52.320000,50.035495,50.037102,50.036338,50.035454,50.03609725,240,3225
2022-11-23 23:55:52.340000,50.035912,50.036667,50.036794,50.03694,50.036578250000005,240,3225
2022-11-23 23:55:52.360000,50.035499,50.035935,50.036908,50.035426,50.035942,240,3225
2022-11-23 23:55:52.380000,50.035528,50.03619,50.037002,50.035704,50.036106000000004,240,3225
2022-11-23 23:55:52.400000,50.037348,50.037376,50.036099,50.037611,50.0371085,240,3225
2022-11-23 23:55:52.420000,50.038944,50.038153,50.035373,50.0375,50.0374925,240,3225
2022-11-23 23:55:52.440000,50.037828,50.037916,50.03594,50.036407,50.03702275,240,3225
2022-11-23 23:55:52.460000,50.036732,50.037222,50.036422,50.037343,50.03692975,240,3225
2022-11-23 23:55:52.480000,50.037264,50.036718,50.036708,50.036546,50.036809000000005,240,3225
2022-11-23 23:55:52.500000,50.038,50.037093,50.036948,50.037204,50.03731125,240,3225
2022-11-23 23:55:52.520000,50.038454,50.037899,50.036379,50.038296,50.037757,240,3225
2022-11-23 23:55:52.540000,50.038546,50.038245,50.035974,50.036861,50.0374065,240,3225
2022-11-23 23:55:52.560000,50.038412,50.03807,50.037207,50.037361,50.0377625,240,3225
2022-11-23 23:55:52.580000,50.038491,50.037791,50.038306,50.038445,50.03825825,240,3225
2022-11-23 23:55:52.600000,50.038083,50.037537,50.038409,50.038648,50.03816925,240,3225
2022-11-23 23:55:52.620000,50.037608,50.037607,50.038589,50.039555,50.038339750000006,240,3225
2022-11-23 23:55:52.640000,50.038226,50.038023,50.038669,50.039065,50.038495749999996,240,3225
2022-11-23 23:55:52.660000,50.03911,50.038505,50.038497,50.03913,50.038810500000004,240,3225
2022-11-23 23:55:52.680000,50.0392,50.038963,50.038749,50.037223,50.03853375,240,3225
2022-11-23 23:55:52.700000,50.038904,50.038514,50.038762,50.038898,50.0387695,240,3225
2022-11-23 23:55:52.720000,50.03874,50.038038,50.038695,50.039166,50.038659749999994,240,3225
2022-11-23 23:55:52.740000,50.039055,50.038426,50.039069,50.039602,50.039038000000005,240,3225
2022-11-23 23:55:52.760000,50.039406,50.038681,50.039161,50.039176,50.039106,240,3225
2022-11-23 23:55:52.780000,50.038524,50.038352,50.038488,50.038898,50.038565500000004,240,3225
2022-11-23 23:55:52.800000,50.037793,50.037768,50.038117,50.038463,50.03803525,240,3225
2022-11-23 23:55:52.820000,50.03856,50.037393,50.038316,50.038042,50.03807775,240,3225
2022-11-23 23:55:52.840000,50.039628,50.037444,50.038919,50.039949,50.038985000000004,240,3225
2022-11-23 23:55:52.860000,50.039782,50.03876,50.03973,50.040278,50.0396375,240,3225
2022-11-23 23:55:52.880000,50.039765,50.041315,50.040335,50.040824,50.04055975,240,3225
2022-11-23 23:55:52.900000,50.040458,50.043074,50.04061,50.038268,50.040602500000006,240,3225
2022-11-23 23:55:52.920000,50.040962,50.041667,50.040221,50.039787,50.04065925,240,3225
2022-11-23 23:55:52.940000,50.039598,50.039513,50.039076,50.040629,50.039704,240,3225
2022-11-23 23:55:52.960000,50.038056,50.038839,50.038188,50.039422,50.03862625,240,3225
2022-11-23 23:55:52.980000,50.038894,50.03926,50.039116,50.039736,50.0392515,240,3225
2022-11-23 23:55:53.000000,50.0413,50.04024,50.041014,50.040676,50.04080749999999,240,3225
2022-11-23 23:55:53.020000,50.042213,50.040824,50.042102,50.040852,50.04149775,240,3225
2022-11-23 23:55:53.040000,50.040783,50.040793,50.042289,50.040083,50.040987,240,3225
2022-11-23 23:55:53.060000,50.039371,50.040255,50.04165,50.040305,50.040395249999996,240,3225
2022-11-23 23:55:53.080000,50.039837,50.039787,50.041218,50.04012,50.040240499999996,240,3225
2022-11-23 23:55:53.100000,50.040549,50.039861,50.041318,50.041371,50.04077475,240,3225
2022-11-23 23:55:53.120000,50.040792,50.039788,50.040809,50.040454,50.040460749999994,240,3225
2022-11-23 23:55:53.140000,50.041616,50.039491,50.040064,50.039157,50.040082,240,3225
2022-11-23 23:55:53.160000,50.042426,50.040198,50.040275,50.041292,50.04104775,240,3225
2022-11-23 23:55:53.180000,50.041972,50.04056,50.040985,50.041458,50.04124375,240,3225
2022-11-23 23:55:53.200000,50.040837,50.040111,50.04122,50.040612,50.04069500000001,240,3225
2022-11-23 23:55:53.220000,50.040167,50.040069,50.041251,50.0415,50.04074675,240,3225
2022-11-23 23:55:53.240000,50.040329,50.040811,50.041133,50.040046,50.04057975,240,3225
2022-11-23 23:55:53.260000,50.041115,50.041717,50.040948,50.042195,50.04149375,240,3225
2022-11-23 23:55:53.280000,50.041556,50.042,50.041049,50.040038,50.04116075,240,3225
2022-11-23 23:55:53.300000,50.041235,50.042222,50.040752,50.042615,50.041706000000005,240,3225
2022-11-23 23:55:53.320000,50.041251,50.042366,50.040541,50.041523,50.04142025,240,3225
2022-11-23 23:55:53.340000,50.041345,50.041884,50.040819,50.039963,50.041002750000004,240,3225
2022-11-23 23:55:53.360000,50.040158,50.041782,50.041094,50.040884,50.040979500000006,240,3225
2022-11-23 23:55:53.380000,50.0395,50.042903,50.041533,50.042227,50.04154075,240,3225
2022-11-23 23:55:53.400000,50.041204,50.043681,50.041942,50.040972,50.04194975,240,3225
2022-11-23 23:55:53.420000,50.042801,50.042796,50.042336,50.043825,50.0429395,240,3225
2022-11-23 23:55:53.440000,50.042347,50.041922,50.042217,50.041723,50.04205225,240,3225
2022-11-23 23:55:53.460000,50.041134,50.041718,50.04183,50.041527,50.04155225,240,3225
2022-11-23 23:55:53.480000,50.040949,50.042407,50.041806,50.040653,50.041453749999995,240,3225
2022-11-23 23:55:53.500000,50.041927,50.043435,50.041773,50.040587,50.04193050000001,240,3225
2022-11-23 23:55:53.520000,50.042634,50.043607,50.041935,50.041519,50.04242375,240,3225
2022-11-23 23:55:53.540000,50.042134,50.043102,50.04212,50.043194,50.0426375,240,3225
2022-11-23 23:55:53.560000,50.042134,50.042606,50.042108,50.041639,50.04212175,240,3225
2022-11-23 23:55:53.580000,50.04339,50.042278,50.042513,50.043111,50.042823,240,3225
2022-11-23 23:55:53.600000,50.043418,50.042556,50.042367,50.042195,50.04263399999999,240,3225
2022-11-23 23:55:53.620000,50.041446,50.043676,50.042465,50.041839,50.042356500000004,240,3225
2022-11-23 23:55:53.640000,50.041163,50.044639,50.043519,50.041634,50.04273875,240,3225
2022-11-23 23:55:53.660000,50.042528,50.04456,50.044171,50.0425,50.04343975,240,3225
2022-11-23 23:55:53.680000,50.042923,50.043523,50.043249,50.044005,50.043425,240,3225
2022-11-23 23:55:53.700000,50.042974,50.043412,50.042693,50.04219,50.04281725,240,3225
2022-11-23 23:55:53.720000,50.043424,50.044472,50.042922,50.043546,50.043591,240,3225
2022-11-23 23:55:53.740000,50.043526,50.044727,50.042798,50.04307,50.04353025,240,3225
2022-11-23 23:55:53.760000,50.0429,50.044004,50.042403,50.04201,50.042829250000004,240,3225
2022-11-23 23:55:53.780000,50.042254,50.043643,50.042396,50.042069,50.042590499999996,240,3225
2022-11-23 23:55:53.800000,50.042137,50.044167,50.042623,50.043111,50.043009500000004,240,3225
2022-11-23 23:55:53.820000,50.042965,50.044566,50.043119,50.044167,50.043704250000005,240,3225
2022-11-23 23:55:53.840000,50.043897,50.044625,50.043321,50.043343,50.0437965,240,3225
2022-11-23 23:55:53.860000,50.043714,50.044607,50.043636,50.043824,50.04394525,240,3225
2022-11-23 23:55:53.880000,50.0435,50.044537,50.043747,50.043537,50.04383025,240,3225
2022-11-23 23:55:53.900000,50.043983,50.044458,50.04362,50.044982,50.04426075,240,3225
2022-11-23 23:55:53.920000,50.044212,50.044079,50.043508,50.043083,50.0437205,240,3225
2022-11-23 23:55:53.940000,50.044169,50.043824,50.04377,50.044509,50.044068,240,3225
2022-11-23 23:55:53.960000,50.04391,50.044292,50.0441,50.045019,50.044330249999994,240,3225
2022-11-23 23:55:53.980000,50.044287,50.044893,50.044001,50.044907,50.044522,240,3225
2022-11-23 23:55:54.000000,50.045275,50.045209,50.044009,50.044528,50.04475525000001,240,3225
2022-11-23 23:55:54.020000,50.044768,50.04531,50.044634,50.044518,50.044807500000005,240,3225
2022-11-23 23:55:54.040000,50.043148,50.044856,50.045595,50.044509,50.044527,240,3225
2022-11-23 23:55:54.060000,50.04329,50.044727,50.046475,50.045431,50.04498075000001,240,3225
2022-11-23 23:55:54.080000,50.045226,50.044653,50.044948,50.044912,50.044934749999996,240,3225
2022-11-23 23:55:54.100000,50.045772,50.04406,50.039857,50.044815,50.043625999999996,240,3225
2022-11-23 23:55:54.120000,50.044817,50.043695,50.037431,50.044722,50.04266625,240,3225
2022-11-23 23:55:54.140000,50.044379,50.044046,50.040851,50.04638,50.043914,240,3225
2022-11-23 23:55:54.160000,50.044641,50.044333,50.044137,50.045167,50.0445695,240,3225
2022-11-23 23:55:54.180000,50.045106,50.044445,50.045485,50.044037,50.044768250000004,240,3225
2022-11-23 23:55:54.200000,50.045478,50.045653,50.047345,50.043352,50.045457,240,3225
2022-11-23 23:55:54.220000,50.045606,50.046588,50.048456,50.044861,50.04637775,240,3225
2022-11-23 23:55:54.240000,50.045664,50.04618,50.048467,50.045278,50.04639725,240,3225
2022-11-23 23:55:54.260000,50.045272,50.044972,50.048174,50.044023,50.04561025,240,3225
2022-11-23 23:55:54.280000,50.044521,50.043806,50.046561,50.045134,50.045005499999995,240,3225
2022-11-23 23:55:54.300000,50.044946,50.043601,50.045173,50.043898,50.0444045,240,3225
2022-11-23 23:55:54.320000,50.046433,50.044222,50.044996,50.045963,50.0454035,240,3225
2022-11-23 23:55:54.340000,50.046328,50.044542,50.045153,50.044579,50.0451505,240,3225
2022-11-23 23:55:54.360000,50.045312,50.04412,50.045895,50.045402,50.04518225,240,3225
2022-11-23 23:55:54.380000,50.045198,50.043533,50.046383,50.046527,50.045410249999996,240,3225
2022-11-23 23:55:54.400000,50.045074,50.043555,50.046061,50.045584,50.0450685,240,3225
2022-11-23 23:55:54.420000,50.045358,50.044574,50.045796,50.045843,50.04539275,240,3225
2022-11-23 23:55:54.440000,50.045894,50.044917,50.045674,50.045342,50.04545675,240,3225
2022-11-23 23:55:54.460000,50.045574,50.043903,50.044719,50.044065,50.044565250000005,240,3225
2022-11-23 23:55:54.480000,50.045058,50.043666,50.043961,50.04475,50.04435875,240,3225
2022-11-23 23:55:54.500000,50.045573,50.044212,50.044667,50.046102,50.0451385,240,3225
2022-11-23 23:55:54.520000,50.045337,50.044191,50.045549,50.045629,50.0451765,240,3225
2022-11-23 23:55:54.540000,50.044291,50.044143,50.045821,50.046556,50.04520275,240,3225
2022-11-23 23:55:54.560000,50.045091,50.044662,50.046043,50.045833,50.04540725,240,3225
2022-11-23 23:55:54.580000,50.046492,50.045329,50.046195,50.045158,50.0457935,240,3225
2022-11-23 23:55:54.600000,50.046023,50.045186,50.046254,50.046342,50.04595125,240,3225
2022-11-23 23:55:54.620000,50.045564,50.044453,50.045973,50.046018,50.045502,240,3225
2022-11-23 23:55:54.640000,50.045816,50.044166,50.045483,50.046278,50.045435749999996,240,3225
2022-11-23 23:55:54.660000,50.046822,50.044755,50.045688,50.045648,50.04572825,240,3225
2022-11-23 23:55:54.680000,50.047381,50.044869,50.046688,50.047259,50.04654925,240,3225
2022-11-23 23:55:54.700000,50.046476,50.044134,50.046921,50.04664,50.04604275,240,3225
2022-11-23 23:55:54.720000,50.045615,50.043569,50.046489,50.045129,50.0452005,240,3225
2022-11-23 23:55:54.740000,50.045838,50.043528,50.046308,50.046111,50.045446250000005,240,3225
2022-11-23 23:55:54.760000,50.045873,50.044296,50.046217,50.045532,50.045479500000006,240,3225
2022-11-23 23:55:54.780000,50.04539,50.044686,50.045893,50.04619,50.045539749999996,240,3225
2022-11-23 23:55:54.800000,50.04552,50.044301,50.045209,50.046065,50.04527375,240,3225
2022-11-23 23:55:54.820000,50.046088,50.044607,50.044966,50.047093,50.0456885,240,3225
2022-11-23 23:55:54.840000,50.045626,50.045491,50.045013,50.044296,50.045106499999996,240,3225
2022-11-23 23:55:54.860000,50.045311,50.045046,50.045027,50.044982,50.0450915,240,3225
2022-11-23 23:55:54.880000,50.045333,50.04375,50.045138,50.04575,50.04499275,240,3225
2022-11-23 23:55:54.900000,50.045731,50.043936,50.045632,50.045241,50.045135,240,3225
2022-11-23 23:55:54.920000,50.046851,50.04532,50.045988,50.044194,50.04558825,240,3225
2022-11-23 23:55:54.940000,50.04668,50.046148,50.045756,50.044829,50.04585324999999,240,3225
2022-11-23 23:55:54.960000,50.045246,50.045726,50.045811,50.045681,50.045615999999995,240,3225
2022-11-23 23:55:54.980000,50.04513,50.045023,50.04588,50.046009,50.0455105,240,3225
2022-11-23 23:55:55.000000,50.045513,50.045061,50.045324,50.045936,50.045458499999995,240,3225
2022-11-23 23:55:55.020000,50.044431,50.045032,50.044451,50.045486,50.04485,240,3225
2022-11-23 23:55:55.040000,50.043449,50.044514,50.04378,50.043819,50.0438905,240,3225
2022-11-23 23:55:55.060000,50.044361,50.044759,50.044096,50.046435,50.04491275,240,3225
2022-11-23 23:55:55.080000,50.045639,50.045203,50.044643,50.045148,50.04515825,240,3225
2022-11-23 23:55:55.100000,50.045838,50.045088,50.044822,50.04526,50.045252000000005,240,3225
2022-11-23 23:55:55.120000,50.044884,50.044848,50.045002,50.045166,50.044974999999994,240,3225
2022-11-23 23:55:55.140000,50.04394,50.044701,50.04488,50.045241,50.0446905,240,3225
2022-11-23 23:55:55.160000,50.044097,50.044962,50.044659,50.044445,50.044540749999996,240,3225
2022-11-23 23:55:55.180000,50.044754,50.045294,50.044412,50.045564,50.045006,240,3225
2022-11-23 23:55:55.200000,50.044371,50.045392,50.044261,50.045102,50.0447815,240,3225
2022-11-23 23:55:55.220000,50.044282,50.045411,50.044251,50.044903,50.044711750000005,240,3225
2022-11-23 23:55:55.240000,50.045166,50.045311,50.044625,50.043042,50.044535999999994,240,3225
2022-11-23 23:55:55.260000,50.045115,50.044614,50.044712,50.045843,50.045071,240,3225
2022-11-23 23:55:55.280000,50.043986,50.044065,50.044694,50.045009,50.0444385,240,3225
2022-11-23 23:55:55.300000,50.043547,50.044215,50.0447,50.043343,50.04395125,240,3225
2022-11-23 23:55:55.320000,50.043782,50.044341,50.044638,50.044685,50.044361499999994,240,3225
2022-11-23 23:55:55.340000,50.044301,50.0439,50.044635,50.045593,50.04460725,240,3225
2022-11-23 23:55:55.360000,50.044559,50.043688,50.044291,50.043046,50.043896000000004,240,3225
2022-11-23 23:55:55.380000,50.04395,50.044163,50.044159,50.044426,50.0441745,240,3225
2022-11-23 23:55:55.400000,50.043852,50.04564,50.043883,50.042666,50.04401025,240,3225
2022-11-23 23:55:55.420000,50.044268,50.046674,50.043553,50.043403,50.04447450000001,240,3225
2022-11-23 23:55:55.440000,50.043078,50.045941,50.043391,50.043643,50.04401325,240,3225
2022-11-23 23:55:55.460000,50.042037,50.043799,50.043278,50.041815,50.04273225,240,3225
2022-11-23 23:55:55.480000,50.04251,50.042683,50.042844,50.042463,50.042625,240,3225
2022-11-23 23:55:55.500000,50.042713,50.043155,50.042636,50.044203,50.04317675000001,240,3225
2022-11-23 23:55:55.520000,50.042861,50.044014,50.042664,50.043037,50.043144,240,3225
2022-11-23 23:55:55.540000,50.043848,50.0439,50.043004,50.0435,50.043563,240,3225
2022-11-23 23:55:55.560000,50.044074,50.042965,50.043805,50.043092,50.043484,240,3225
2022-11-23 23:55:55.580000,50.043717,50.042548,50.04386,50.042417,50.0431355,240,3225
2022-11-23 23:55:55.600000,50.044153,50.04293,50.0434,50.043348,50.04345775,240,3225
2022-11-23 23:55:55.620000,50.04424,50.043507,50.043297,50.043476,50.04363,240,3225
2022-11-23 23:55:55.640000,50.04394,50.044151,50.043409,50.043945,50.04386125,240,3225
2022-11-23 23:55:55.660000,50.044214,50.044078,50.043922,50.043731,50.04398625,240,3225
2022-11-23 23:55:55.680000,50.044269,50.043222,50.044598,50.043611,50.043925,240,3225
2022-11-23 23:55:55.700000,50.043194,50.042114,50.044416,50.042046,50.0429425,240,3225
2022-11-23 23:55:55.720000,50.042729,50.042554,50.043601,50.04388,50.043191,240,3225
2022-11-23 23:55:55.740000,50.042916,50.043585,50.04319,50.042565,50.043064,240,3225
2022-11-23 23:55:55.760000,50.042926,50.044106,50.043093,50.043264,50.04334725,240,3225
2022-11-23 23:55:55.780000,50.042778,50.043993,50.042908,50.04319,50.043217250000005,240,3225
2022-11-23 23:55:55.800000,50.042893,50.043668,50.042904,50.042555,50.043004999999994,240,3225
2022-11-23 23:55:55.820000,50.042917,50.043067,50.042727,50.04412,50.04320775,240,3225
2022-11-23 23:55:55.840000,50.04275,50.043198,50.042686,50.041796,50.0426075,240,3225
2022-11-23 23:55:55.860000,50.042676,50.043507,50.043001,50.044176,50.04334,240,3225
2022-11-23 23:55:55.880000,50.04257,50.043129,50.043167,50.043912,50.043194500000006,240,3225
2022-11-23 23:55:55.900000,50.043046,50.04237,50.042726,50.042903,50.04276125,240,3225
2022-11-23 23:55:55.920000,50.043736,50.042091,50.042704,50.042472,50.04275075,240,3225
2022-11-23 23:55:55.940000,50.042941,50.041423,50.043446,50.042574,50.042596,240,3225
2022-11-23 23:55:55.960000,50.042537,50.041205,50.043376,50.044583,50.042925249999996,240,3225
2022-11-23 23:55:55.980000,50.0434,50.042157,50.042446,50.041371,50.042343499999994,240,3225
2022-11-23 23:55:56.000000,50.043441,50.04349,50.042018,50.042232,50.04279525,240,3225
2022-11-23 23:55:56.020000,50.042431,50.043459,50.041667,50.042856,50.04260325,240,3225
2022-11-23 23:55:56.040000,50.041704,50.042322,50.041473,50.042144,50.04191075,240,3225
2022-11-23 23:55:56.060000,50.042014,50.041935,50.041955,50.042454,50.042089499999996,240,3225
2022-11-23 23:55:56.080000,50.042912,50.042946,50.042309,50.04299,50.042789250000006,240,3225
2022-11-23 23:55:56.100000,50.042895,50.04386,50.042652,50.043259,50.043166500000005,240,3225
2022-11-23 23:55:56.120000,50.042268,50.043549,50.043367,50.041417,50.04265025,240,3225
2022-11-23 23:55:56.140000,50.041948,50.04258,50.04362,50.041972,50.04253,240,3225
2022-11-23 23:55:56.160000,50.042056,50.04151,50.042635,50.041065,50.0418165,240,3225
2022-11-23 23:55:56.180000,50.042108,50.041177,50.041788,50.040676,50.041437249999994,240,3225
2022-11-23 23:55:56.200000,50.042009,50.041574,50.042026,50.042278,50.04197175,240,3225
2022-11-23 23:55:56.220000,50.042046,50.041855,50.042205,50.041101,50.04180175,240,3225
2022-11-23 23:55:56.240000,50.04167,50.041938,50.042006,50.042028,50.0419105,240,3225
2022-11-23 23:55:56.260000,50.04094,50.042121,50.041701,50.04175,50.041628,240,3225
2022-11-23 23:55:56.280000,50.040514,50.041506,50.041395,50.042324,50.04143475,240,3225
2022-11-23 23:55:56.300000,50.040871,50.04086,50.041552,50.041519,50.0412005,240,3225
2022-11-23 23:55:56.320000,50.041324,50.040346,50.041908,50.041547,50.041281250000004,240,3225
2022-11-23 23:55:56.340000,50.041574,50.040493,50.041816,50.04287,50.04168824999999,240,3225
2022-11-23 23:55:56.360000,50.041842,50.041551,50.041504,50.042926,50.04195575,240,3225
2022-11-23 23:55:56.380000,50.04132,50.041647,50.041225,50.040296,50.041122,240,3225
2022-11-23 23:55:56.400000,50.040607,50.040661,50.040735,50.041268,50.04081775,240,3225
2022-11-23 23:55:56.420000,50.040269,50.040487,50.040453,50.040862,50.04051775000001,240,3225
2022-11-23 23:55:56.440000,50.039356,50.040805,50.040441,50.04062,50.0403055,240,3225
2022-11-23 23:55:56.460000,50.038944,50.04056,50.040524,50.040491,50.04012975,240,3225
2022-11-23 23:55:56.480000,50.039959,50.039957,50.041072,50.042037,50.04075625,240,3225
2022-11-23 23:55:56.500000,50.040579,50.040454,50.041297,50.040727,50.040764249999995,240,3225
2022-11-23 23:55:56.520000,50.040106,50.040783,50.040739,50.040967,50.040648749999995,240,3225
2022-11-23 23:55:56.540000,50.039278,50.039852,50.039762,50.040527,50.03985475,240,3225
2022-11-23 23:55:56.560000,50.039074,50.039819,50.039193,50.038454,50.039135,240,3225
2022-11-23 23:55:56.580000,50.039858,50.041754,50.039733,50.041148,50.04062325,240,3225
2022-11-23 23:55:56.600000,50.040371,50.042491,50.040167,50.041482,50.04112775,240,3225
2022-11-23 23:55:56.620000,50.039884,50.041107,50.039298,50.03975,50.04000975,240,3225
2022-11-23 23:55:56.640000,50.039788,50.03942,50.038424,50.038019,50.038912749999994,240,3225
2022-11-23 23:55:56.660000,50.040107,50.037902,50.038171,50.03894,50.03878,240,3225
2022-11-23 23:55:56.680000,50.039393,50.037708,50.038531,50.039986,50.0389045,240,3225
2022-11-23 23:55:56.700000,50.038611,50.038889,50.039336,50.039491,50.03908175,240,3225
2022-11-23 23:55:56.720000,50.038884,50.039787,50.040393,50.038158,50.039305500000005,240,3225
2022-11-23 23:55:56.740000,50.039167,50.039925,50.040441,50.038639,50.039542999999995,240,3225
2022-11-23 23:55:56.760000,50.039246,50.039195,50.039668,50.038148,50.03906425,240,3225
2022-11-23 23:55:56.780000,50.039625,50.037556,50.039421,50.039764,50.0390915,240,3225
2022-11-23 23:55:56.800000,50.039482,50.036459,50.039302,50.038056,50.03832475,240,3225
2022-11-23 23:55:56.820000,50.038129,50.036921,50.039194,50.038329,50.038143250000005,240,3225
2022-11-23 23:55:56.840000,50.037398,50.037268,50.038849,50.037509,50.037756,240,3225
2022-11-23 23:55:56.860000,50.038087,50.03705,50.038303,50.038426,50.037966499999996,240,3225
2022-11-23 23:55:56.880000,50.039163,50.037592,50.037774,50.0375,50.03800725,240,3225
2022-11-23 23:55:56.900000,50.040453,50.038561,50.037715,50.039306,50.03900875,240,3225
2022-11-23 23:55:56.920000,50.040509,50.038695,50.038374,50.039046,50.039156000000006,240,3225
2022-11-23 23:55:56.940000,50.038751,50.038643,50.038787,50.038658,50.038709749999995,240,3225
2022-11-23 23:55:56.960000,50.037329,50.039042,50.038312,50.036722,50.037851249999996,240,3225
2022-11-23 23:55:56.980000,50.03767,50.038837,50.037819,50.036148,50.0376185,240,3225
2022-11-23 23:55:57.000000,50.038213,50.037967,50.037819,50.038194,50.038048249999996,240,3225
2022-11-23 23:55:57.020000,50.037383,50.036727,50.038114,50.0382,50.037606,240,3225
2022-11-23 23:55:57.040000,50.036961,50.036281,50.038259,50.037236,50.037184249999996,240,3225
2022-11-23 23:55:57.060000,50.037736,50.036946,50.037816,50.0385,50.0377495,240,3225
2022-11-23 23:55:57.080000,50.037787,50.037889,50.036886,50.03775,50.037577999999996,240,3225
2022-11-23 23:55:57.100000,50.037338,50.038217,50.036786,50.037231,50.037393,240,3225
2022-11-23 23:55:57.120000,50.037069,50.037204,50.037163,50.03775,50.0372965,240,3225
2022-11-23 23:55:57.140000,50.037319,50.035908,50.036943,50.036769,50.03673475,240,3225
2022-11-23 23:55:57.160000,50.037685,50.035333,50.036414,50.035491,50.03623075,240,3225
2022-11-23 23:55:57.180000,50.037014,50.035356,50.036241,50.036463,50.0362685,240,3225
2022-11-23 23:55:57.200000,50.036783,50.035815,50.036494,50.036805,50.03647425,240,3225
2022-11-23 23:55:57.220000,50.03744,50.035843,50.036241,50.035541,50.03626625,240,3225
2022-11-23 23:55:57.240000,50.036763,50.035597,50.035217,50.035625,50.0358005,240,3225
2022-11-23 23:55:57.260000,50.035176,50.03519,50.034596,50.035694,50.035164,240,3225
2022-11-23 23:55:57.280000,50.034359,50.035287,50.034482,50.035768,50.034974,240,3225
2022-11-23 23:55:57.300000,50.034255,50.03631,50.034869,50.034472,50.0349765,240,3225
2022-11-23 23:55:57.320000,50.034847,50.037365,50.035205,50.035583,50.03575,240,3225
2022-11-23 23:55:57.340000,50.035542,50.037491,50.035522,50.035815,50.03609250000001,240,3225
2022-11-23 23:55:57.360000,50.035417,50.036056,50.036018,50.034537,50.035506999999996,240,3225
2022-11-23 23:55:57.380000,50.035255,50.034087,50.036086,50.036046,50.035368500000004,240,3225
2022-11-23 23:55:57.400000,50.035028,50.033583,50.035521,50.034658,50.0346975,240,3225
2022-11-23 23:55:57.420000,50.033356,50.034467,50.034572,50.035639,50.0345085,240,3225
2022-11-23 23:55:57.440000,50.032093,50.035862,50.033889,50.034158,50.034000500000005,240,3225
2022-11-23 23:55:57.460000,50.033126,50.035917,50.033715,50.034972,50.0344325,240,3225
2022-11-23 23:55:57.480000,50.034102,50.034963,50.033285,50.033315,50.033916250000004,240,3225
2022-11-23 23:55:57.500000,50.033611,50.034514,50.032935,50.033097,50.033539250000004,240,3225
2022-11-23 23:55:57.520000,50.032597,50.034315,50.032603,50.032996,50.03312775,240,3225
2022-11-23 23:55:57.540000,50.031727,50.033686,50.032181,50.032574,50.03254200000001,240,3225
2022-11-23 23:55:57.560000,50.03187,50.033212,50.031771,50.033407,50.03256499999999,240,3225
2022-11-23 23:55:57.580000,50.032629,50.032462,50.031219,50.033593,50.032475749999996,240,3225
2022-11-23 23:55:57.600000,50.031796,50.030962,50.031052,50.031389,50.03129975,240,3225
2022-11-23 23:55:57.620000,50.030695,50.030158,50.031723,50.03112,50.030924,240,3225
2022-11-23 23:55:57.640000,50.031977,50.031361,50.032586,50.030871,50.03169875,240,3225
2022-11-23 23:55:57.660000,50.03307,50.032726,50.032328,50.032176,50.032575,240,3225
2022-11-23 23:55:57.680000,50.032092,50.03257,50.031508,50.031037,50.03180175,240,3225
2022-11-23 23:55:57.700000,50.030592,50.031944,50.031317,50.030537,50.0310975,240,3225
2022-11-23 23:55:57.720000,50.029778,50.031477,50.031569,50.030667,50.03087275,240,3225
2022-11-23 23:55:57.740000,50.029916,50.030889,50.032307,50.031546,50.0311645,240,3225
2022-11-23 23:55:57.760000,50.030514,50.030328,50.03232,50.031278,50.03111,240,3225
2022-11-23 23:55:57.780000,50.030537,50.030579,50.030888,50.029718,50.0304305,240,3225
2022-11-23 23:55:57.800000,50.030611,50.031722,50.029888,50.031491,50.030928,240,3225
2022-11-23 23:55:57.820000,50.031213,50.032352,50.030317,50.030435,50.031079250000005,240,3225
2022-11-23 23:55:57.840000,50.03132,50.031348,50.031365,50.031389,50.0313555,240,3225
2022-11-23 23:55:57.860000,50.030805,50.029477,50.03201,50.030551,50.03071075,240,3225
2022-11-23 23:55:57.880000,50.030737,50.028903,50.031612,50.030958,50.0305525,240,3225
2022-11-23 23:55:57.900000,50.03094,50.03057,50.030845,50.030305,50.030665,240,3225
2022-11-23 23:55:57.920000,50.030624,50.032032,50.030455,50.030143,50.03081350000001,240,3225
2022-11-23 23:55:57.940000,50.0302,50.031324,50.030232,50.029584,50.030334999999994,240,3225
2022-11-23 23:55:57.960000,50.030073,50.030111,50.029904,50.029833,50.029980249999994,240,3225
2022-11-23 23:55:57.980000,50.03031,50.029564,50.0298,50.031533,50.03030175,240,3225
2022-11-23 23:55:58.000000,50.030296,50.029208,50.029916,50.029175,50.02964875000001,240,3225
2022-11-23 23:55:58.020000,50.029237,50.029343,50.029917,50.030847,50.029836,240,3225
2022-11-23 23:55:58.040000,50.028694,50.029755,50.029597,50.029723,50.029442249999995,240,3225
2022-11-23 23:55:58.060000,50.029588,50.029439,50.0293,50.029541,50.029467,240,3225
2022-11-23 23:55:58.080000,50.029925,50.028537,50.029072,50.029865,50.02934975,240,3225
2022-11-23 23:55:58.100000,50.029319,50.027592,50.028583,50.029023,50.028629249999994,240,3225
2022-11-23 23:55:58.120000,50.029297,50.026672,50.028344,50.028922,50.02830875,240,3225
2022-11-23 23:55:58.140000,50.030203,50.02699,50.028443,50.028671,50.02857675,240,3225
2022-11-23 23:55:58.160000,50.030949,50.028639,50.028587,50.029644,50.02945474999999,240,3225
2022-11-23 23:55:58.180000,50.03023,50.028508,50.028948,50.029713,50.02934975000001,240,3225
2022-11-23 23:55:58.200000,50.029033,50.02655,50.02911,50.027787,50.02812,240,3225
2022-11-23 23:55:58.220000,50.028792,50.025922,50.029137,50.02725,50.027775250000005,240,3225
2022-11-23 23:55:58.240000,50.029676,50.027084,50.028591,50.027894,50.02831125,240,3225
2022-11-23 23:55:58.260000,50.029575,50.028074,50.027937,50.027916,50.0283755,240,3225
2022-11-23 23:55:58.280000,50.028394,50.028018,50.028341,50.027523,50.028068999999995,240,3225
2022-11-23 23:55:58.300000,50.027999,50.028051,50.028793,50.02788,50.028180750000004,240,3225
2022-11-23 23:55:58.320000,50.028536,50.028171,50.028432,50.027926,50.02826625,240,3225
2022-11-23 23:55:58.340000,50.02773,50.027277,50.027979,50.028356,50.0278355,240,3225
2022-11-23 23:55:58.360000,50.026004,50.026088,50.027627,50.026366,50.02652125,240,3225
2022-11-23 23:55:58.380000,50.026097,50.026176,50.027339,50.026695,50.02657675,240,3225
2022-11-23 23:55:58.400000,50.027829,50.027029,50.027309,50.027912,50.027519749999996,240,3225
2022-11-23 23:55:58.420000,50.02819,50.027181,50.027046,50.02737,50.02744675,240,3225
2022-11-23 23:55:58.440000,50.027454,50.026366,50.026615,50.026505,50.026735,240,3225
2022-11-23 23:55:58.460000,50.027371,50.02506,50.025969,50.026255,50.02616375,240,3225
2022-11-23 23:55:58.480000,50.02706,50.024393,50.025076,50.025676,50.02555125,240,3225
2022-11-23 23:55:58.500000,50.025625,50.024991,50.024521,50.025157,50.0250735,240,3225
2022-11-23 23:55:58.520000,50.024032,50.025754,50.024854,50.025278,50.0249795,240,3225
2022-11-23 23:55:58.540000,50.023871,50.025607,50.025178,50.02569,50.0250865,240,3225
2022-11-23 23:55:58.560000,50.025134,50.024264,50.024925,50.024731,50.0247635,240,3225
2022-11-23 23:55:58.580000,50.025705,50.02287,50.023638,50.025815,50.024507,240,3225
2022-11-23 23:55:58.600000,50.02489,50.02293,50.022599,50.025277,50.02392400000001,240,3225
2022-11-23 23:55:58.620000,50.023719,50.024186,50.022742,50.024191,50.0237095,240,3225
2022-11-23 23:55:58.640000,50.023347,50.025157,50.023411,50.023592,50.02387675000001,240,3225
2022-11-23 23:55:58.660000,50.023653,50.02501,50.024149,50.024157,50.02424225,240,3225
2022-11-23 23:55:58.680000,50.023462,50.024569,50.024485,50.024306,50.0242055,240,3225
2022-11-23 23:55:58.700000,50.022949,50.024477,50.02438,50.023468,50.023818500000004,240,3225
2022-11-23 23:55:58.720000,50.023153,50.024018,50.0235,50.022504,50.02329375,240,3225
2022-11-23 23:55:58.740000,50.023824,50.02375,50.022552,50.023079,50.023301249999996,240,3225
2022-11-23 23:55:58.760000,50.023582,50.023986,50.022899,50.023204,50.02341775,240,3225
2022-11-23 23:55:58.780000,50.022852,50.023176,50.023853,50.02276,50.023160250000004,240,3225
2022-11-23 23:55:58.800000,50.022791,50.02176,50.02396,50.022217,50.022682,240,3225
2022-11-23 23:55:58.820000,50.022797,50.021144,50.023127,50.022905,50.022493250000004,240,3225
2022-11-23 23:55:58.840000,50.021745,50.021449,50.021953,50.022505,50.021913,240,3225
2022-11-23 23:55:58.860000,50.021357,50.021736,50.021102,50.022637,50.021708,240,3225
2022-11-23 23:55:58.880000,50.022329,50.022356,50.021037,50.021125,50.021711749999994,240,3225
2022-11-23 23:55:58.900000,50.023231,50.023055,50.021744,50.02293,50.022740000000006,240,3225
2022-11-23 23:55:58.920000,50.023208,50.022611,50.022674,50.022065,50.0226395,240,3225
2022-11-23 23:55:58.940000,50.021995,50.021565,50.023285,50.022351,50.022299000000004,240,3225
2022-11-23 23:55:58.960000,50.020574,50.021365,50.022705,50.021273,50.021479250000006,240,3225
2022-11-23 23:55:58.980000,50.020657,50.021824,50.021956,50.021924,50.02159025,240,3225
2022-11-23 23:55:59.000000,50.021231,50.022426,50.021605,50.020584,50.0214615,240,3225
2022-11-23 23:55:59.020000,50.020949,50.022589,50.021117,50.020964,50.02140475,240,3225
2022-11-23 23:55:59.040000,50.020426,50.022343,50.020543,50.019967,50.02081975,240,3225
2022-11-23 23:55:59.060000,50.02101,50.021611,50.020347,50.021542,50.021127500000006,240,3225
2022-11-23 23:55:59.080000,50.02125,50.020644,50.020322,50.021272,50.020872000000004,240,3225
2022-11-23 23:55:59.100000,50.020139,50.020773,50.020349,50.019999,50.020315,240,3225
2022-11-23 23:55:59.120000,50.019514,50.021193,50.020267,50.021383,50.02058925,240,3225
2022-11-23 23:55:59.140000,50.020134,50.021014,50.020413,50.021239,50.0207,240,3225
2022-11-23 23:55:59.160000,50.020879,50.020723,50.020814,50.020159,50.02064375,240,3225
2022-11-23 23:55:59.180000,50.021399,50.020602,50.021146,50.020257,50.02085100000001,240,3225
2022-11-23 23:55:59.200000,50.021092,50.020717,50.021093,50.02015,50.020763,240,3225
2022-11-23 23:55:59.220000,50.01961,50.020778,50.020662,50.019436,50.0201215,240,3225
2022-11-23 23:55:59.240000,50.01873,50.020913,50.020625,50.01875,50.019754500000005,240,3225
2022-11-23 23:55:59.260000,50.019088,50.020968,50.021076,50.018062,50.01979850000001,240,3225
2022-11-23 23:55:59.280000,50.019825,50.020194,50.020568,50.01958,50.02004175,240,3225
2022-11-23 23:55:59.300000,50.020806,50.018977,50.019525,50.019883,50.019797749999995,240,3225
2022-11-23 23:55:59.320000,50.020462,50.018639,50.019032,50.019144,50.019319249999995,240,3225
2022-11-23 23:55:59.340000,50.019074,50.019935,50.019186,50.019042,50.01930924999999,240,3225
2022-11-23 23:55:59.360000,50.018481,50.020746,50.019491,50.019445,50.01954075,240,3225
2022-11-23 23:55:59.380000,50.018343,50.020328,50.019296,50.021235,50.019800499999995,240,3225
2022-11-23 23:55:59.400000,50.018653,50.020024,50.019134,50.018903,50.0191785,240,3225
2022-11-23 23:55:59.420000,50.01956,50.020365,50.019689,50.019977,50.01989775,240,3225
2022-11-23 23:55:59.440000,50.019769,50.020157,50.019861,50.020827,50.0201535,240,3225
2022-11-23 23:55:59.460000,50.018575,50.019324,50.019254,50.019436,50.01914725,240,3225
2022-11-23 23:55:59.480000,50.018069,50.019042,50.018308,50.018649,50.018517,240,3225
2022-11-23 23:55:59.500000,50.01856,50.019452,50.018097,50.018609,50.0186795,240,3225
2022-11-23 23:55:59.520000,50.017842,50.019537,50.018578,50.01862,50.01864425,240,3225
2022-11-23 23:55:59.540000,50.017481,50.018867,50.018622,50.019271,50.01856025,240,3225
2022-11-23 23:55:59.560000,50.018801,50.018134,50.018097,50.01834,50.018342999999994,240,3225
2022-11-23 23:55:59.580000,50.018926,50.018227,50.018151,50.018742,50.0185115,240,3225
2022-11-23 23:55:59.600000,50.01793,50.019028,50.018308,50.018624,50.0184725,240,3225
2022-11-23 23:55:59.620000,50.017496,50.019009,50.017749,50.017902,50.018039,240,3225
2022-11-23 23:55:59.640000,50.017494,50.018245,50.016749,50.017939,50.01760675,240,3225
2022-11-23 23:55:59.660000,50.01779,50.018671,50.016504,50.018336,50.01782525,240,3225
2022-11-23 23:55:59.680000,50.01842,50.019699,50.017622,50.019227,50.018742,240,3225
2022-11-23 23:55:59.700000,50.018204,50.019624,50.018359,50.020192,50.01909475,240,3225
2022-11-23 23:55:59.720000,50.018101,50.019116,50.018263,50.018337,50.01845425,240,3225
2022-11-23 23:55:59.740000,50.018601,50.018672,50.01787,50.017351,50.018123499999994,240,3225
2022-11-23 23:55:59.760000,50.01775,50.017732,50.017488,50.01739,50.017590000000006,240,3225
2022-11-23 23:55:59.780000,50.017399,50.016635,50.017608,50.018592,50.01755849999999,240,3225
2022-11-23 23:55:59.800000,50.01775,50.016458,50.018021,50.01777,50.01749975,240,3225
2022-11-23 23:55:59.820000,50.016935,50.017278,50.018483,50.017667,50.01759075,240,3225
2022-11-23 23:55:59.840000,50.016657,50.018162,50.018716,50.017231,50.017691500000005,240,3225
2022-11-23 23:55:59.860000,50.017811,50.017801,50.018048,50.016947,50.01765175,240,3225
2022-11-23 23:55:59.880000,50.01843,50.016578,50.017231,50.016389,50.017157000000005,240,3225
2022-11-23 23:55:59.900000,50.018723,50.016533,50.017026,50.017614,50.017474,240,3225
2022-11-23 23:55:59.920000,50.019362,50.016788,50.017314,50.017651,50.01777875,240,3225
2022-11-23 23:55:59.940000,50.018283,50.016468,50.017671,50.017068,50.0173725,240,3225
2022-11-23 23:55:59.960000,50.017051,50.016866,50.017468,50.017798,50.01729575,240,3225
2022-11-23 23:55:59.980000,50.017861,50.016856,50.017224,50.017328,50.01731725,240,3225
2022-11-23 23:56:00.000000,50.017796,50.016384,50.016998,50.016543,50.01693025,240,3225
2022-11-23 23:56:00.020000,50.016338,50.016875,50.016979,50.018039,50.01705774999999,240,3225
2022-11-23 23:56:00.040000,50.016463,50.017509,50.017647,50.016959,50.0171445,240,3225
2022-11-23 23:56:00.060000,50.017426,50.017903,50.018125,50.016541,50.017498749999994,240,3225
2022-11-23 23:56:00.080000,50.017083,50.017871,50.017674,50.018175,50.01770075,240,3225
2022-11-23 23:56:00.100000,50.016237,50.017435,50.016993,50.017514,50.01704475,240,3225
2022-11-23 23:56:00.120000,50.016213,50.017018,50.016433,50.016964,50.016657,240,3225
2022-11-23 23:56:00.140000,50.017157,50.016713,50.016457,50.016787,50.0167785,240,3225
2022-11-23 23:56:00.160000,50.017916,50.01637,50.017206,50.01641,50.0169755,240,3225
2022-11-23 23:56:00.180000,50.016764,50.01636,50.017864,50.017345,50.017083250000006,240,3225
2022-11-23 23:56:00.200000,50.015496,50.016982,50.018038,50.016363,50.01671974999999,240,3225
2022-11-23 23:56:00.220000,50.016611,50.01743,50.017973,50.016983,50.01724925,240,3225
2022-11-23 23:56:00.240000,50.01787,50.016773,50.017471,50.016661,50.017193750000004,240,3225
2022-11-23 23:56:00.260000,50.017087,50.015866,50.01713,50.016917,50.01675,240,3225
2022-11-23 23:56:00.280000,50.016718,50.015904,50.016895,50.017371,50.016722,240,3225
2022-11-23 23:56:00.300000,50.017514,50.016546,50.016573,50.015414,50.01651175,240,3225
2022-11-23 23:56:00.320000,50.017417,50.016768,50.016295,50.01626,50.016684999999995,240,3225
2022-11-23 23:56:00.340000,50.016441,50.01587,50.015633,50.016505,50.01611225,240,3225
2022-11-23 23:56:00.360000,50.015745,50.01439,50.015053,50.01654,50.015432,240,3225
2022-11-23 23:56:00.380000,50.01599,50.014046,50.014983,50.016136,50.015288749999996,240,3225
2022-11-23 23:56:00.400000,50.016709,50.015023,50.015674,50.017327,50.01618325,240,3225
2022-11-23 23:56:00.420000,50.016736,50.016259,50.016532,50.015994,50.016380250000005,240,3225
2022-11-23 23:56:00.440000,50.01582,50.016982,50.016894,50.016394,50.0165225,240,3225
2022-11-23 23:56:00.460000,50.015241,50.01669,50.016964,50.016775,50.0164175,240,3225
2022-11-23 23:56:00.480000,50.014708,50.016171,50.017309,50.017114,50.016325499999994,240,3225
2022-11-23 23:56:00.500000,50.014176,50.016014,50.017668,50.015666,50.01588100000001,240,3225
2022-11-23 23:56:00.520000,50.014667,50.015449,50.017127,50.016954,50.016049249999995,240,3225
2022-11-23 23:56:00.540000,50.015857,50.016018,50.015961,50.015852,50.015921999999996,240,3225
2022-11-23 23:56:00.560000,50.01593,50.017685,50.015142,50.015536,50.01607325,240,3225
2022-11-23 23:56:00.580000,50.014922,50.017818,50.014763,50.015702,50.01580125,240,3225
2022-11-23 23:56:00.600000,50.014463,50.016189,50.014625,50.013628,50.014726249999995,240,3225
2022-11-23 23:56:00.620000,50.01556,50.015481,50.015005,50.018334,50.016095,240,3225
2022-11-23 23:56:00.640000,50.016171,50.016163,50.01578,50.016536,50.0161625,240,3225
2022-11-23 23:56:00.660000,50.015487,50.016366,50.016281,50.017201,50.01633375,240,3225
2022-11-23 23:56:00.680000,50.014685,50.015324,50.015679,50.016396,50.01552100000001,240,3225
2022-11-23 23:56:00.700000,50.015569,50.014634,50.014522,50.014725,50.0148625,240,3225
2022-11-23 23:56:00.720000,50.017398,50.014967,50.014407,50.016389,50.01579025,240,3225
2022-11-23 23:56:00.740000,50.017195,50.015787,50.015093,50.016647,50.016180500000004,240,3225
2022-11-23 23:56:00.760000,50.015394,50.016439,50.015615,50.01612,50.015892,240,3225
2022-11-23 23:56:00.780000,50.015342,50.016824,50.015688,50.015014,50.015716999999995,240,3225
2022-11-23 23:56:00.800000,50.015949,50.017357,50.015864,50.016641,50.01645275,240,3225
2022-11-23 23:56:00.820000,50.015769,50.017324,50.016069,50.016832,50.016498500000004,240,3225
2022-11-23 23:56:00.840000,50.016177,50.016005,50.015801,50.014708,50.01567275000001,240,3225
2022-11-23 23:56:00.860000,50.017111,50.014426,50.01546,50.016666,50.015915750000005,240,3225
2022-11-23 23:56:00.880000,50.016968,50.014555,50.015554,50.014046,50.01528075,240,3225
2022-11-23 23:56:00.900000,50.015718,50.016041,50.015699,50.01553,50.015747000000005,240,3225
2022-11-23 23:56:00.920000,50.01462,50.016713,50.015592,50.014873,50.015449499999995,240,3225
2022-11-23 23:56:00.940000,50.014889,50.016491,50.015832,50.017514,50.0161815,240,3225
2022-11-23 23:56:00.960000,50.016115,50.015818,50.015617,50.015938,50.015872,240,3225
2022-11-23 23:56:00.980000,50.016962,50.015764,50.015434,50.015728,50.015972,240,3225
2022-11-23 23:56:01.000000,50.016796,50.01632,50.015732,50.015821,50.01616725000001,240,3225
2022-11-23 23:56:01.020000,50.015935,50.016977,50.016313,50.015271,50.01612399999999,240,3225
2022-11-23 23:56:01.040000,50.015472,50.017546,50.016514,50.016094,50.0164065,240,3225
2022-11-23 23:56:01.060000,50.015158,50.017175,50.015654,50.016261,50.01606199999999,240,3225
2022-11-23 23:56:01.080000,50.01494,50.016167,50.014759,50.014866,50.01518299999999,240,3225
2022-11-23 23:56:01.100000,50.015157,50.015852,50.014793,50.01637,50.015543,240,3225
2022-11-23 23:56:01.120000,50.015565,50.016069,50.01505,50.014757,50.01536025,240,3225
2022-11-23 23:56:01.140000,50.015746,50.016361,50.015307,50.016073,50.01587175,240,3225
2022-11-23 23:56:01.160000,50.015513,50.017217,50.015642,50.014187,50.01563975,240,3225
2022-11-23 23:56:01.180000,50.015685,50.017759,50.015766,50.015993,50.016300750000006,240,3225
2022-11-23 23:56:01.200000,50.016829,50.017172,50.01602,50.01555,50.01639275,240,3225
2022-11-23 23:56:01.220000,50.017215,50.016268,50.016334,50.016629,50.016611499999996,240,3225
2022-11-23 23:56:01.240000,50.016237,50.016584,50.016236,50.014608,50.015916250000004,240,3225
2022-11-23 23:56:01.260000,50.015829,50.017704,50.015922,50.015391,50.016211500000004,240,3225
2022-11-23 23:56:01.280000,50.016083,50.017676,50.016031,50.017242,50.016758,240,3225
2022-11-23 23:56:01.300000,50.016047,50.017102,50.016016,50.014886,50.01601275,240,3225
2022-11-23 23:56:01.320000,50.016338,50.016532,50.01593,50.016638,50.0163595,240,3225
2022-11-23 23:56:01.340000,50.016541,50.01568,50.015785,50.015272,50.0158195,240,3225
2022-11-23 23:56:01.360000,50.015921,50.015927,50.015504,50.01545,50.015700499999994,240,3225
2022-11-23 23:56:01.380000,50.01613,50.017046,50.015422,50.015947,50.01613625,240,3225
2022-11-23 23:56:01.400000,50.016592,50.017602,50.015486,50.015706,50.0163465,240,3225
2022-11-23 23:56:01.420000,50.015972,50.017342,50.015762,50.015421,50.01612425,240,3225
2022-11-23 23:56:01.440000,50.016227,50.016755,50.016396,50.015127,50.01612625,240,3225
2022-11-23 23:56:01.460000,50.017866,50.016508,50.017402,50.01692,50.017174,240,3225
2022-11-23 23:56:01.480000,50.017852,50.017296,50.017832,50.016266,50.0173115,240,3225
2022-11-23 23:56:01.500000,50.016115,50.018024,50.017426,50.016806,50.017092749999996,240,3225
2022-11-23 23:56:01.520000,50.015182,50.018356,50.017031,50.016535,50.016776,240,3225
2022-11-23 23:56:01.540000,50.016014,50.018251,50.016685,50.017377,50.01708175,240,3225
2022-11-23 23:56:01.560000,50.017092,50.017575,50.015987,50.01678,50.0168585,240,3225
2022-11-23 23:56:01.580000,50.017198,50.01675,50.015906,50.016962,50.016704000000004,240,3225
2022-11-23 23:56:01.600000,50.016574,50.016246,50.016384,50.017374,50.0166445,240,3225
2022-11-23 23:56:01.620000,50.016523,50.016611,50.016986,50.018052,50.017043,240,3225
2022-11-23 23:56:01.640000,50.017732,50.017449,50.017997,50.017615,50.01769825,240,3225
2022-11-23 23:56:01.660000,50.018486,50.017282,50.019448,50.019015,50.01855775,240,3225
2022-11-23 23:56:01.680000,50.01825,50.016453,50.020272,50.018486,50.01836525,240,3225
2022-11-23 23:56:01.700000,50.01844,50.016866,50.019646,50.018748,50.01842499999999,240,3225
2022-11-23 23:56:01.720000,50.018931,50.017945,50.018425,50.017933,50.0183085,240,3225
2022-11-23 23:56:01.740000,50.018615,50.018634,50.017709,50.018877,50.01845875,240,3225
2022-11-23 23:56:01.760000,50.017616,50.018963,50.018097,50.01904,50.01842899999999,240,3225
2022-11-23 23:56:01.780000,50.017255,50.019029,50.018374,50.018595,50.01831325,240,3225
2022-11-23 23:56:01.800000,50.017972,50.018306,50.018093,50.019058,50.01835725,240,3225
2022-11-23 23:56:01.820000,50.018685,50.017273,50.018115,50.018725,50.018199499999994,240,3225
2022-11-23 23:56:01.840000,50.018597,50.016707,50.018096,50.018878,50.0180695,240,3225
2022-11-23 23:56:01.860000,50.017958,50.016976,50.018299,50.017647,50.01772,240,3225
2022-11-23 23:56:01.880000,50.017889,50.017625,50.018931,50.018614,50.01826475,240,3225
2022-11-23 23:56:01.900000,50.01894,50.01807,50.019278,50.019012,50.018825,240,3225
2022-11-23 23:56:01.920000,50.019996,50.017783,50.019172,50.019032,50.01899575,240,3225
2022-11-23 23:56:01.940000,50.019801,50.017088,50.018938,50.018352,50.01854475,240,3225
2022-11-23 23:56:01.960000,50.01956,50.017097,50.018607,50.018033,50.01832425,240,3225
2022-11-23 23:56:01.980000,50.01994,50.017996,50.018586,50.018472,50.0187485,240,3225
2022-11-23 23:56:02.000000,50.019153,50.018991,50.019399,50.018648,50.01904775,240,3225
2022-11-23 23:56:02.020000,50.018176,50.018471,50.020209,50.017907,50.01869075,240,3225
2022-11-23 23:56:02.040000,50.018389,50.017291,50.020068,50.019727,50.018868749999996,240,3225
2022-11-23 23:56:02.060000,50.018987,50.016477,50.019151,50.019866,50.018620250000005,240,3225
2022-11-23 23:56:02.080000,50.019023,50.016435,50.018056,50.017352,50.017716500000006,240,3225
2022-11-23 23:56:02.100000,50.018263,50.017931,50.017625,50.018588,50.01810175,240,3225
2022-11-23 23:56:02.120000,50.01788,50.019176,50.017804,50.019305,50.018541250000006,240,3225
2022-11-23 23:56:02.140000,50.018477,50.018936,50.018306,50.018903,50.018655499999994,240,3225
2022-11-23 23:56:02.160000,50.018759,50.018407,50.018669,50.019458,50.01882325,240,3225
2022-11-23 23:56:02.180000,50.018394,50.017746,50.018371,50.019148,50.01841475,240,3225
2022-11-23 23:56:02.200000,50.018588,50.017172,50.018086,50.018213,50.018014750000006,240,3225
2022-11-23 23:56:02.220000,50.019361,50.017648,50.018586,50.018454,50.01851225,240,3225
2022-11-23 23:56:02.240000,50.019116,50.01881,50.018906,50.019037,50.018967249999996,240,3225
2022-11-23 23:56:02.260000,50.018143,50.018954,50.018931,50.018319,50.01858675,240,3225
2022-11-23 23:56:02.280000,50.018175,50.018019,50.018727,50.01906,50.018495249999994,240,3225
2022-11-23 23:56:02.300000,50.019049,50.017574,50.018524,50.019148,50.01857375,240,3225
2022-11-23 23:56:02.320000,50.019269,50.018223,50.018409,50.017773,50.0184185,240,3225
2022-11-23 23:56:02.340000,50.019023,50.019,50.018463,50.020574,50.019265000000004,240,3225
2022-11-23 23:56:02.360000,50.019204,50.018926,50.018165,50.017884,50.018544750000004,240,3225
2022-11-23 23:56:02.380000,50.019972,50.018222,50.018002,50.018218,50.0186035,240,3225
2022-11-23 23:56:02.400000,50.019926,50.0175,50.018645,50.018866,50.01873425,240,3225
2022-11-23 23:56:02.420000,50.018624,50.017518,50.019093,50.0175,50.018183750000006,240,3225
2022-11-23 23:56:02.440000,50.017768,50.017731,50.018926,50.016958,50.01784574999999,240,3225
2022-11-23 23:56:02.460000,50.018385,50.017829,50.018867,50.018898,50.01849475,240,3225
2022-11-23 23:56:02.480000,50.018967,50.018435,50.019085,50.019139,50.0189065,240,3225
2022-11-23 23:56:02.500000,50.018453,50.0187,50.019303,50.019621,50.01901925,240,3225
2022-11-23 23:56:02.520000,50.018154,50.017584,50.018748,50.018314,50.0182,240,3225
2022-11-23 23:56:02.540000,50.018724,50.016773,50.018451,50.019024,50.018243,240,3225
2022-11-23 23:56:02.560000,50.019224,50.017208,50.018425,50.017791,50.018162000000004,240,3225
2022-11-23 23:56:02.580000,50.018486,50.017847,50.018534,50.019714,50.01864525,240,3225
2022-11-23 23:56:02.600000,50.017392,50.018388,50.01833,50.01805,50.01804,240,3225
2022-11-23 23:56:02.620000,50.017811,50.018519,50.017696,50.018042,50.018017,240,3225
2022-11-23 23:56:02.640000,50.019695,50.018402,50.017525,50.01738,50.0182505,240,3225
2022-11-23 23:56:02.660000,50.020352,50.018283,50.017882,50.019167,50.018921,240,3225
2022-11-23 23:56:02.680000,50.019208,50.018343,50.018269,50.01874,50.018640000000005,240,3225
2022-11-23 23:56:02.700000,50.018782,50.018746,50.019433,50.018917,50.0189695,240,3225
2022-11-23 23:56:02.720000,50.018519,50.019246,50.020999,50.018329,50.01927325,240,3225
2022-11-23 23:56:02.740000,50.017958,50.018917,50.020907,50.018871,50.01916325,240,3225
2022-11-23 23:56:02.760000,50.018824,50.01825,50.019386,50.01862,50.01877,240,3225
2022-11-23 23:56:02.780000,50.020472,50.01805,50.018741,50.019148,50.01910275,240,3225
2022-11-23 23:56:02.800000,50.02012,50.018038,50.018875,50.019324,50.01908924999999,240,3225
2022-11-23 23:56:02.820000,50.018352,50.018032,50.018484,50.016797,50.01791625,240,3225
2022-11-23 23:56:02.840000,50.017597,50.018402,50.018343,50.01749,50.01795800000001,240,3225
2022-11-23 23:56:02.860000,50.018093,50.018444,50.018148,50.018482,50.01829175,240,3225
2022-11-23 23:56:02.880000,50.018685,50.017801,50.017718,50.018361,50.01814125,240,3225
2022-11-23 23:56:02.900000,50.018403,50.017626,50.017924,50.018722,50.01816875,240,3225
2022-11-23 23:56:02.920000,50.018273,50.018219,50.019163,50.018065,50.01843,240,3225
2022-11-23 23:56:02.940000,50.01919,50.018732,50.019643,50.019874,50.01935975000001,240,3225
2022-11-23 23:56:02.960000,50.01919,50.019083,50.019126,50.018019,50.0188545,240,3225
2022-11-23 23:56:02.980000,50.018254,50.019605,50.018821,50.017537,50.01855425,240,3225
2022-11-23 23:56:03.000000,50.017727,50.0193,50.018716,50.019273,50.018754,240,3225
2022-11-23 23:56:03.020000,50.01731,50.018509,50.018219,50.019884,50.018480499999995,240,3225
2022-11-23 23:56:03.040000,50.017551,50.018398,50.017875,50.018597,50.01810525,240,3225
2022-11-23 23:56:03.060000,50.01874,50.018505,50.018049,50.018611,50.01847625,240,3225
2022-11-23 23:56:03.080000,50.018824,50.018935,50.01832,50.018602,50.01867025,240,3225
2022-11-23 23:56:03.100000,50.017968,50.01944,50.018336,50.019449,50.01879825,240,3225
2022-11-23 23:56:03.120000,50.018302,50.018523,50.018336,50.017505,50.0181665,240,3225
2022-11-23 23:56:03.140000,50.018328,50.017759,50.018336,50.01944,50.01846575,240,3225
2022-11-23 23:56:03.160000,50.017083,50.01843,50.018555,50.018083,50.01803775,240,3225
2022-11-23 23:56:03.180000,50.017125,50.018763,50.017977,50.018861,50.0181815,240,3225
2022-11-23 23:56:03.200000,50.018653,50.01856,50.017149,50.018348,50.01817750000001,240,3225
2022-11-23 23:56:03.220000,50.019,50.018783,50.017362,50.017208,50.01808824999999,240,3225
2022-11-23 23:56:03.240000,50.01845,50.018931,50.018141,50.017926,50.018361999999996,240,3225
2022-11-23 23:56:03.260000,50.018351,50.018533,50.018382,50.018472,50.018434500000005,240,3225
2022-11-23 23:56:03.280000,50.018615,50.018204,50.018705,50.018912,50.018609,240,3225
2022-11-23 23:56:03.300000,50.018718,50.018731,50.019004,50.018463,50.018729,240,3225
2022-11-23 23:56:03.320000,50.018231,50.019755,50.018754,50.018593,50.01883325,240,3225
2022-11-23 23:56:03.340000,50.018,50.019732,50.017899,50.018625,50.018564,240,3225
2022-11-23 23:56:03.360000,50.018482,50.018342,50.017265,50.018046,50.01803375,240,3225
2022-11-23 23:56:03.380000,50.018839,50.017356,50.01748,50.017088,50.01769075,240,3225
2022-11-23 23:56:03.400000,50.018829,50.017694,50.018675,50.018579,50.01844425,240,3225
2022-11-23 23:56:03.420000,50.018777,50.017977,50.019745,50.019324,50.01895575,240,3225
2022-11-23 23:56:03.440000,50.018573,50.017593,50.019303,50.018092,50.01839025,240,3225
2022-11-23 23:56:03.460000,50.018256,50.01738,50.018184,50.017657,50.017869250000004,240,3225
2022-11-23 23:56:03.480000,50.018972,50.017481,50.017865,50.018047,50.01809125,240,3225
2022-11-23 23:56:03.500000,50.019986,50.017621,50.018439,50.017865,50.01847775,240,3225
2022-11-23 23:56:03.520000,50.019246,50.017889,50.018805,50.018524,50.01861600000001,240,3225
2022-11-23 23:56:03.540000,50.018255,50.018616,50.018274,50.018555,50.018425,240,3225
2022-11-23 23:56:03.560000,50.018509,50.019866,50.018157,50.018223,50.01868875,240,3225
2022-11-23 23:56:03.580000,50.018425,50.020467,50.018453,50.019583,50.019232,240,3225
2022-11-23 23:56:03.600000,50.017564,50.019375,50.018912,50.018574,50.01860625,240,3225
2022-11-23 23:56:03.620000,50.017869,50.017792,50.01904,50.018352,50.01826325,240,3225
2022-11-23 23:56:03.640000,50.018921,50.017741,50.018957,50.018231,50.0184625,240,3225
2022-11-23 23:56:03.660000,50.019365,50.01899,50.019174,50.019454,50.019245749999996,240,3225
2022-11-23 23:56:03.680000,50.018931,50.02019,50.019562,50.018028,50.01917775,240,3225
2022-11-23 23:56:03.700000,50.018389,50.020792,50.019771,50.019732,50.019671,240,3225
2022-11-23 23:56:03.720000,50.018814,50.0198,50.019775,50.020268,50.019664250000005,240,3225
2022-11-23 23:56:03.740000,50.019931,50.01869,50.019554,50.019889,50.019516,240,3225
2022-11-23 23:56:03.760000,50.020504,50.019324,50.019403,50.018333,50.019391,240,3225
2022-11-23 23:56:03.780000,50.020157,50.019758,50.019018,50.020074,50.019751750000005,240,3225
2022-11-23 23:56:03.800000,50.019088,50.019741,50.018263,50.019648,50.019185,240,3225
2022-11-23 23:56:03.820000,50.017807,50.019945,50.018212,50.018731,50.01867375,240,3225
2022-11-23 23:56:03.840000,50.017853,50.019491,50.018874,50.019547,50.01894125,240,3225
2022-11-23 23:56:03.860000,50.019543,50.018555,50.019246,50.019731,50.01926875,240,3225
2022-11-23 23:56:03.880000,50.020769,50.018727,50.0195,50.019407,50.01960075,240,3225
2022-11-23 23:56:03.900000,50.020699,50.019611,50.019946,50.020991,50.020311750000005,240,3225
2022-11-23 23:56:03.920000,50.020296,50.020681,50.020319,50.019074,50.020092500000004,240,3225
2022-11-23 23:56:03.940000,50.019718,50.021329,50.020688,50.020093,50.020457,240,3225
2022-11-23 23:56:03.960000,50.018963,50.020278,50.020884,50.019592,50.019929250000004,240,3225
2022-11-23 23:56:03.980000,50.018769,50.01882,50.020967,50.020685,50.019810250000006,240,3225
2022-11-23 23:56:04.000000,50.018102,50.019023,50.020641,50.019584,50.019337500000006,240,3225
2022-11-23 23:56:04.020000,50.018384,50.020241,50.019866,50.020009,50.019625000000005,240,3225
2022-11-23 23:56:04.040000,50.020583,50.020773,50.01939,50.020445,50.02029775,240,3225
2022-11-23 23:56:04.060000,50.021537,50.020319,50.019083,50.020917,50.020464,240,3225
2022-11-23 23:56:04.080000,50.020185,50.020051,50.019102,50.019241,50.01964475,240,3225
2022-11-23 23:56:04.100000,50.019458,50.020694,50.020178,50.020481,50.02020275,240,3225
2022-11-23 23:56:04.120000,50.01981,50.020894,50.020844,50.020787,50.02058375,240,3225
2022-11-23 23:56:04.140000,50.020157,50.02076,50.020506,50.020371,50.0204485,240,3225
2022-11-23 23:56:04.160000,50.020301,50.021449,50.020107,50.020046,50.02047575,240,3225
2022-11-23 23:56:04.180000,50.020899,50.021713,50.020531,50.021027,50.0210425,240,3225
2022-11-23 23:56:04.200000,50.021699,50.020861,50.021116,50.020695,50.021092749999994,240,3225
2022-11-23 23:56:04.220000,50.021879,50.02037,50.0211,50.019741,50.0207725,240,3225
2022-11-23 23:56:04.240000,50.021149,50.020727,50.020766,50.020019,50.02066525,240,3225
2022-11-23 23:56:04.260000,50.020009,50.020653,50.020411,50.021815,50.020722,240,3225
2022-11-23 23:56:04.280000,50.019931,50.020435,50.020138,50.020917,50.02035525,240,3225
2022-11-23 23:56:04.300000,50.02076,50.020751,50.0196,50.020833,50.020486,240,3225
2022-11-23 23:56:04.320000,50.020791,50.021218,50.019584,50.018213,50.019951500000005,240,3225
2022-11-23 23:56:04.340000,50.021046,50.02112,50.021033,50.021436,50.02115875,240,3225
2022-11-23 23:56:04.360000,50.022282,50.020323,50.022366,50.021083,50.0215135,240,3225
2022-11-23 23:56:04.380000,50.022421,50.019634,50.022129,50.021121,50.02132625,240,3225
2022-11-23 23:56:04.400000,50.020995,50.020194,50.021782,50.02069,50.02091525,240,3225
2022-11-23 23:56:04.420000,50.020764,50.021538,50.021716,50.022523,50.02163525,240,3225
2022-11-23 23:56:04.440000,50.021783,50.02187,50.021668,50.020843,50.021541,240,3225
2022-11-23 23:56:04.460000,50.022968,50.020963,50.021634,50.021398,50.02174075,240,3225
2022-11-23 23:56:04.480000,50.02313,50.020448,50.021781,50.021352,50.02167775,240,3225
2022-11-23 23:56:04.500000,50.022208,50.02113,50.022,50.021287,50.02165625,240,3225
2022-11-23 23:56:04.520000,50.021416,50.022172,50.021876,50.020695,50.02153975,240,3225
2022-11-23 23:56:04.540000,50.021944,50.022699,50.021359,50.022167,50.02204225,240,3225
2022-11-23 23:56:04.560000,50.021635,50.022491,50.021018,50.021259,50.021600750000005,240,3225
2022-11-23 23:56:04.580000,50.020561,50.021829,50.021092,50.021778,50.021315,240,3225
2022-11-23 23:56:04.600000,50.020699,50.021398,50.021324,50.021037,50.0211145,240,3225
2022-11-23 23:56:04.620000,50.021606,50.021138,50.020863,50.022074,50.02142025,240,3225
2022-11-23 23:56:04.640000,50.02207,50.021296,50.020671,50.021639,50.021418999999995,240,3225
2022-11-23 23:56:04.660000,50.022149,50.022527,50.021579,50.022189,50.022111,240,3225
2022-11-23 23:56:04.680000,50.022023,50.022991,50.022336,50.022514,50.022466,240,3225
2022-11-23 23:56:04.700000,50.02199,50.021788,50.022272,50.022407,50.02211425,240,3225
2022-11-23 23:56:04.720000,50.022379,50.020866,50.022453,50.022769,50.022116749999995,240,3225
2022-11-23 23:56:04.740000,50.022283,50.021547,50.022256,50.022038,50.022031,240,3225
2022-11-23 23:56:04.760000,50.021588,50.022597,50.021903,50.021546,50.0219085,240,3225
2022-11-23 23:56:04.780000,50.021935,50.022611,50.022439,50.021278,50.022065749999996,240,3225
2022-11-23 23:56:04.800000,50.022583,50.021699,50.022847,50.022796,50.02248125,240,3225
2022-11-23 23:56:04.820000,50.021986,50.021894,50.022496,50.02274,50.022279,240,3225
2022-11-23 23:56:04.840000,50.022195,50.02306,50.021913,50.022269,50.022359249999994,240,3225
2022-11-23 23:56:04.860000,50.023463,50.023255,50.021799,50.023167,50.022921,240,3225
2022-11-23 23:56:04.880000,50.023412,50.022825,50.022084,50.022379,50.022675,240,3225
2022-11-23 23:56:04.900000,50.022277,50.023199,50.022311,50.022213,50.0225,240,3225
2022-11-23 23:56:04.920000,50.022183,50.023217,50.022627,50.020537,50.022141,240,3225
2022-11-23 23:56:04.940000,50.022884,50.022204,50.023004,50.021852,50.022485999999994,240,3225
2022-11-23 23:56:04.960000,50.023088,50.021324,50.023015,50.023398,50.02270625,240,3225
2022-11-23 23:56:04.980000,50.02276,50.02169,50.022748,50.023954,50.022788,240,3225
2022-11-23 23:56:05.000000,50.022208,50.023004,50.022424,50.021371,50.022251749999995,240,3225
2022-11-23 23:56:05.020000,50.022061,50.023685,50.022623,50.023315,50.022921000000004,240,3225
2022-11-23 23:56:05.040000,50.023001,50.023338,50.02344,50.024268,50.023511750000004,240,3225
2022-11-23 23:56:05.060000,50.02295,50.022231,50.023553,50.021306,50.022510000000004,240,3225
2022-11-23 23:56:05.080000,50.02211,50.02237,50.022984,50.022185,50.02241225,240,3225
2022-11-23 23:56:05.100000,50.022319,50.023602,50.022637,50.023352,50.022977499999996,240,3225
2022-11-23 23:56:05.120000,50.022518,50.023533,50.022493,50.024704,50.023312000000004,240,3225
2022-11-23 23:56:05.140000,50.023028,50.022639,50.022535,50.023167,50.02284225,240,3225
2022-11-23 23:56:05.160000,50.023793,50.022482,50.023147,50.021473,50.02272375,240,3225
2022-11-23 23:56:05.180000,50.023774,50.023166,50.023696,50.022879,50.023378750000006,240,3225
2022-11-23 23:56:05.200000,50.02363,50.023913,50.023995,50.024435,50.02399324999999,240,3225
2022-11-23 23:56:05.220000,50.023972,50.024306,50.023903,50.02339,50.02389275,240,3225
2022-11-23 23:56:05.240000,50.023398,50.024833,50.023819,50.023055,50.02377625,240,3225
2022-11-23 23:56:05.260000,50.022875,50.024995,50.023626,50.024519,50.02400375,240,3225
2022-11-23 23:56:05.280000,50.023249,50.024125,50.023293,50.024223,50.0237225,240,3225
2022-11-23 23:56:05.300000,50.024186,50.02363,50.023587,50.023453,50.023714,240,3225
2022-11-23 23:56:05.320000,50.024907,50.023815,50.023859,50.024019,50.024150000000006,240,3225
2022-11-23 23:56:05.340000,50.025578,50.023806,50.024091,50.024889,50.024591,240,3225
2022-11-23 23:56:05.360000,50.025921,50.023796,50.024585,50.025843,50.02503625,240,3225
2022-11-23 23:56:05.380000,50.025167,50.024112,50.024648,50.023574,50.024375250000006,240,3225
2022-11-23 23:56:05.400000,50.024921,50.02451,50.024923,50.02399,50.024586,240,3225
2022-11-23 23:56:05.420000,50.025069,50.024449,50.025289,50.024842,50.02491225000001,240,3225
2022-11-23 23:56:05.440000,50.025265,50.024583,50.025148,50.024121,50.02477925,240,3225
2022-11-23 23:56:05.460000,50.025995,50.025244,50.025107,50.024574,50.02523,240,3225
2022-11-23 23:56:05.480000,50.025745,50.025606,50.025346,50.023982,50.02516975,240,3225
2022-11-23 23:56:05.500000,50.024204,50.025371,50.025171,50.025389,50.02503375,240,3225
2022-11-23 23:56:05.520000,50.023718,50.024597,50.024735,50.024769,50.02445475,240,3225
2022-11-23 23:56:05.540000,50.024527,50.023787,50.024464,50.024611,50.02434725,240,3225
2022-11-23 23:56:05.560000,50.024708,50.023324,50.024565,50.025342,50.02448475,240,3225
2022-11-23 23:56:05.580000,50.024241,50.02343,50.024381,50.025574,50.024406500000005,240,3225
2022-11-23 23:56:05.600000,50.024435,50.024482,50.024549,50.024306,50.024443,240,3225
2022-11-23 23:56:05.620000,50.024935,50.025629,50.025162,50.026157,50.02547075,240,3225
2022-11-23 23:56:05.640000,50.024956,50.025588,50.025424,50.024713,50.025170249999995,240,3225
2022-11-23 23:56:05.660000,50.024879,50.025172,50.025331,50.025389,50.025192749999995,240,3225
2022-11-23 23:56:05.680000,50.024952,50.025023,50.025141,50.025833,50.025237249999996,240,3225
2022-11-23 23:56:05.700000,50.025404,50.02494,50.025092,50.025573,50.02525225,240,3225
2022-11-23 23:56:05.720000,50.025681,50.02519,50.025516,50.024612,50.02524975,240,3225
2022-11-23 23:56:05.740000,50.024567,50.025148,50.025745,50.026176,50.025408999999996,240,3225
2022-11-23 23:56:05.760000,50.023829,50.02475,50.02548,50.02488,50.02473474999999,240,3225
2022-11-23 23:56:05.780000,50.024812,50.024689,50.025376,50.026806,50.025420749999995,240,3225
2022-11-23 23:56:05.800000,50.024938,50.025246,50.025266,50.025991,50.02536025,240,3225
2022-11-23 23:56:05.820000,50.023765,50.026601,50.024931,50.024972,50.02506725,240,3225
2022-11-23 23:56:05.840000,50.023958,50.027181,50.024643,50.022658,50.02461,240,3225
2022-11-23 23:56:05.860000,50.025791,50.026293,50.023728,50.026111,50.02548075,240,3225
2022-11-23 23:56:05.880000,50.026773,50.025315,50.023468,50.025445,50.02525025,240,3225
2022-11-23 23:56:05.900000,50.026773,50.025467,50.024684,50.02637,50.0258235,240,3225
2022-11-23 23:56:05.920000,50.026475,50.025588,50.025633,50.026083,50.02594475,240,3225
2022-11-23 23:56:05.940000,50.026098,50.025051,50.025984,50.027667,50.0262,240,3225
2022-11-23 23:56:05.960000,50.026433,50.025485,50.026162,50.02637,50.026112499999996,240,3225
2022-11-23 23:56:05.980000,50.027001,50.026232,50.026091,50.025574,50.026224500000005,240,3225
2022-11-23 23:56:06.000000,50.026719,50.025598,50.026811,50.025852,50.026245,240,3225
2022-11-23 23:56:06.020000,50.026655,50.024639,50.027572,50.02625,50.026279,240,3225
2022-11-23 23:56:06.040000,50.027,50.025273,50.026954,50.025824,50.02626275,240,3225
2022-11-23 23:56:06.060000,50.026703,50.026666,50.025883,50.025565,50.02620425,240,3225
2022-11-23 23:56:06.080000,50.026056,50.027306,50.025595,50.026898,50.026463750000005,240,3225
2022-11-23 23:56:06.100000,50.025759,50.026616,50.025981,50.026426,50.0261955,240,3225
2022-11-23 23:56:06.120000,50.026041,50.025573,50.026528,50.026555,50.026174250000004,240,3225
2022-11-23 23:56:06.140000,50.026918,50.025338,50.027226,50.026481,50.026490749999994,240,3225
2022-11-23 23:56:06.160000,50.026874,50.025777,50.027903,50.026718,50.026818000000006,240,3225
2022-11-23 23:56:06.180000,50.026429,50.026449,50.02808,50.027088,50.0270115,240,3225
2022-11-23 23:56:06.200000,50.026397,50.027028,50.027711,50.027157,50.02707325,240,3225
2022-11-23 23:56:06.220000,50.025812,50.026949,50.027156,50.025592,50.026377249999996,240,3225
2022-11-23 23:56:06.240000,50.025759,50.026524,50.026672,50.026889,50.026461,240,3225
2022-11-23 23:56:06.260000,50.027011,50.025264,50.026364,50.027287,50.0264815,240,3225
2022-11-23 23:56:06.280000,50.028179,50.023083,50.026533,50.026685,50.026120000000006,240,3225
2022-11-23 23:56:06.300000,50.028402,50.023107,50.026994,50.026602,50.02627625,240,3225
2022-11-23 23:56:06.320000,50.027724,50.025477,50.027165,50.026519,50.02672125,240,3225
2022-11-23 23:56:06.340000,50.026908,50.027124,50.026993,50.027101,50.02703150000001,240,3225
2022-11-23 23:56:06.360000,50.026772,50.027334,50.027017,50.026282,50.02685125,240,3225
2022-11-23 23:56:06.380000,50.027436,50.027028,50.027904,50.027477,50.02746125,240,3225
2022-11-23 23:56:06.400000,50.02757,50.027764,50.0286,50.028583,50.02812925,240,3225
2022-11-23 23:56:06.420000,50.027409,50.028816,50.028848,50.02812,50.02829825,240,3225
2022-11-23 23:56:06.440000,50.028191,50.028954,50.028546,50.027084,50.02819375,240,3225
2022-11-23 23:56:06.460000,50.029083,50.028139,50.028166,50.027296,50.028171,240,3225
2022-11-23 23:56:06.480000,50.028559,50.026787,50.027736,50.028472,50.027888499999996,240,3225
2022-11-23 23:56:06.500000,50.026778,50.025838,50.027025,50.027935,50.026894,240,3225
2022-11-23 23:56:06.520000,50.025842,50.026374,50.02682,50.026555,50.026397749999994,240,3225
2022-11-23 23:56:06.540000,50.026015,50.027491,50.026938,50.027667,50.02702775,240,3225
2022-11-23 23:56:06.560000,50.026808,50.028029,50.026677,50.027324,50.0272095,240,3225
2022-11-23 23:56:06.580000,50.027917,50.028245,50.027146,50.028472,50.027944999999995,240,3225
2022-11-23 23:56:06.600000,50.027761,50.028759,50.028578,50.027648,50.028186500000004,240,3225
2022-11-23 23:56:06.620000,50.027358,50.029486,50.029858,50.028759,50.02886525,240,3225
2022-11-23 23:56:06.640000,50.027837,50.029593,50.029652,50.02913,50.029053000000005,240,3225
2022-11-23 23:56:06.660000,50.027601,50.02906,50.028742,50.027509,50.028228,240,3225
2022-11-23 23:56:06.680000,50.027283,50.029018,50.028129,50.027963,50.02809825,240,3225
2022-11-23 23:56:06.700000,50.028012,50.029472,50.027507,50.027888,50.02821975,240,3225
2022-11-23 23:56:06.720000,50.027943,50.029389,50.026999,50.027361,50.027923,240,3225
2022-11-23 23:56:06.740000,50.027316,50.028547,50.026997,50.02788,50.027685000000005,240,3225
2022-11-23 23:56:06.760000,50.028092,50.028126,50.027108,50.027657,50.02774575,240,3225
2022-11-23 23:56:06.780000,50.029214,50.028686,50.027144,50.029037,50.02852025,240,3225
2022-11-23 23:56:06.800000,50.027935,50.029018,50.027052,50.028194,50.028049749999994,240,3225
2022-11-23 23:56:06.820000,50.026075,50.028583,50.027128,50.026695,50.027120249999996,240,3225
2022-11-23 23:56:06.840000,50.027252,50.027796,50.027499,50.02675,50.02732425,240,3225
2022-11-23 23:56:06.860000,50.029355,50.027347,50.028076,50.029075,50.02846325,240,3225
2022-11-23 23:56:06.880000,50.029067,50.027689,50.028349,50.029028,50.028533249999995,240,3225
2022-11-23 23:56:06.900000,50.027664,50.028925,50.02785,50.027741,50.028045,240,3225
2022-11-23 23:56:06.920000,50.028123,50.029621,50.027201,50.029555,50.028625000000005,240,3225
2022-11-23 23:56:06.940000,50.029979,50.029616,50.027495,50.028769,50.02896475,240,3225
2022-11-23 23:56:06.960000,50.030243,50.029301,50.028516,50.028463,50.02913074999999,240,3225
2022-11-23 23:56:06.980000,50.028849,50.028727,50.029181,50.029074,50.028957750000004,240,3225
2022-11-23 23:56:07.000000,50.028154,50.028472,50.029481,50.027991,50.0285245,240,3225
2022-11-23 23:56:07.020000,50.028358,50.029384,50.029416,50.028389,50.02888675,240,3225
2022-11-23 23:56:07.040000,50.028462,50.03055,50.029114,50.029445,50.02939275,240,3225
2022-11-23 23:56:07.060000,50.028225,50.030185,50.029623,50.028908,50.02923525,240,3225
2022-11-23 23:56:07.080000,50.028606,50.02893,50.029638,50.02918,50.0290885,240,3225
2022-11-23 23:56:07.100000,50.029568,50.028426,50.02875,50.030486,50.0293075,240,3225
2022-11-23 23:56:07.120000,50.029943,50.028755,50.028216,50.027621,50.02863375,240,3225
2022-11-23 23:56:07.140000,50.029843,50.029459,50.028544,50.026342,50.028547,240,3225
2022-11-23 23:56:07.160000,50.029688,50.030333,50.029543,50.030537,50.03002525,240,3225
2022-11-23 23:56:07.180000,50.029863,50.030199,50.030435,50.030759,50.030314000000004,240,3225
2022-11-23 23:56:07.200000,50.029787,50.028843,50.030457,50.031176,50.030065750000006,240,3225
2022-11-23 23:56:07.220000,50.029238,50.027523,50.030086,50.029658,50.02912624999999,240,3225
2022-11-23 23:56:07.240000,50.029035,50.027315,50.030126,50.02924,50.028929000000005,240,3225
2022-11-23 23:56:07.260000,50.029848,50.027874,50.03048,50.030213,50.02960375,240,3225
2022-11-23 23:56:07.280000,50.030668,50.027898,50.030365,50.029333,50.029566,240,3225
2022-11-23 23:56:07.300000,50.030197,50.02813,50.029528,50.029056,50.02922775,240,3225
2022-11-23 23:56:07.320000,50.029152,50.028741,50.029494,50.029722,50.02927725,240,3225
2022-11-23 23:56:07.340000,50.029248,50.029569,50.030235,50.030579,50.02990775000001,240,3225
2022-11-23 23:56:07.360000,50.030114,50.029676,50.030511,50.029689,50.02999749999999,240,3225
2022-11-23 23:56:07.380000,50.031216,50.029523,50.030446,50.030296,50.03037025,240,3225
2022-11-23 23:56:07.400000,50.031851,50.030606,50.030814,50.030084,50.03083875,240,3225
2022-11-23 23:56:07.420000,50.031404,50.031644,50.030724,50.02987,50.030910500000005,240,3225
2022-11-23 23:56:07.440000,50.03101,50.030958,50.030226,50.029203,50.03034925,240,3225
2022-11-23 23:56:07.460000,50.030927,50.029009,50.029988,50.029709,50.02990825,240,3225
2022-11-23 23:56:07.480000,50.030253,50.028658,50.03013,50.031616,50.03016425,240,3225
2022-11-23 23:56:07.500000,50.029632,50.030093,50.030119,50.029741,50.02989625,240,3225
2022-11-23 23:56:07.520000,50.029854,50.030907,50.02999,50.028629,50.029845,240,3225
2022-11-23 23:56:07.540000,50.030568,50.030731,50.030028,50.03038,50.030426750000004,240,3225
2022-11-23 23:56:07.560000,50.030685,50.030288,50.029979,50.030565,50.030379249999996,240,3225
2022-11-23 23:56:07.580000,50.030284,50.030023,50.030195,50.03063,50.030283,240,3225
2022-11-23 23:56:07.600000,50.030098,50.029973,50.030491,50.030907,50.03036725,240,3225
2022-11-23 23:56:07.620000,50.030014,50.029976,50.030853,50.029889,50.030183,240,3225
2022-11-23 23:56:07.640000,50.029921,50.029235,50.031111,50.030556,50.03020575,240,3225
2022-11-23 23:56:07.660000,50.029805,50.028066,50.030971,50.029843,50.02967125,240,3225
2022-11-23 23:56:07.680000,50.030092,50.028093,50.030614,50.029879,50.0296695,240,3225
2022-11-23 23:56:07.700000,50.030713,50.028949,50.030114,50.030444,50.030055000000004,240,3225
2022-11-23 23:56:07.720000,50.030792,50.02962,50.029975,50.030204,50.03014775,240,3225
2022-11-23 23:56:07.740000,50.030694,50.030598,50.02989,50.031334,50.030629000000005,240,3225
2022-11-23 23:56:07.760000,50.030398,50.031491,50.029974,50.030778,50.030660250000004,240,3225
2022-11-23 23:56:07.780000,50.030307,50.031477,50.0306,50.031394,50.030944500000004,240,3225
2022-11-23 23:56:07.800000,50.030103,50.030601,50.03105,50.029634,50.03034699999999,240,3225
2022-11-23 23:56:07.820000,50.029894,50.029425,50.031387,50.029546,50.030063000000006,240,3225
2022-11-23 23:56:07.840000,50.030338,50.029426,50.031277,50.02975,50.030197750000006,240,3225
2022-11-23 23:56:07.860000,50.03157,50.030343,50.030902,50.031787,50.0311505,240,3225
2022-11-23 23:56:07.880000,50.031675,50.030385,50.030708,50.031527,50.031073750000004,240,3225
2022-11-23 23:56:07.900000,50.030459,50.029917,50.030542,50.03001,50.030232,240,3225
2022-11-23 23:56:07.920000,50.029884,50.029388,50.030042,50.030537,50.02996275,240,3225
2022-11-23 23:56:07.940000,50.030069,50.029866,50.02928,50.030315,50.0298825,240,3225
2022-11-23 23:56:07.960000,50.030273,50.031005,50.029127,50.030426,50.03020775,240,3225
2022-11-23 23:56:07.980000,50.031125,50.031815,50.029607,50.030389,50.030733999999995,240,3225
2022-11-23 23:56:08.000000,50.031106,50.031925,50.029404,50.029879,50.0305785,240,3225
2022-11-23 23:56:08.020000,50.030004,50.031416,50.029021,50.031741,50.0305455,240,3225
2022-11-23 23:56:08.040000,50.029514,50.029791,50.029235,50.029926,50.0296165,240,3225
2022-11-23 23:56:08.060000,50.029093,50.027885,50.029934,50.029028,50.02898499999999,240,3225
2022-11-23 23:56:08.080000,50.028945,50.028193,50.030033,50.029722,50.02922325,240,3225
2022-11-23 23:56:08.100000,50.029611,50.029883,50.029092,50.029833,50.02960475,240,3225
2022-11-23 23:56:08.120000,50.030254,50.030523,50.028852,50.031074,50.03017575,240,3225
2022-11-23 23:56:08.140000,50.029843,50.030146,50.029818,50.029074,50.029720250000004,240,3225
2022-11-23 23:56:08.160000,50.029324,50.029773,50.030734,50.029037,50.029717000000005,240,3225
2022-11-23 23:56:08.180000,50.030152,50.028954,50.030478,50.030509,50.03002325,240,3225
2022-11-23 23:56:08.200000,50.030551,50.02871,50.030179,50.028787,50.02955675,240,3225
2022-11-23 23:56:08.220000,50.028972,50.029224,50.030239,50.029305,50.029435,240,3225
2022-11-23 23:56:08.240000,50.028824,50.030178,50.030062,50.02912,50.029546,240,3225
2022-11-23 23:56:08.260000,50.029922,50.030464,50.02954,50.028611,50.02963425,240,3225
2022-11-23 23:56:08.280000,50.029542,50.029765,50.029181,50.02975,50.0295595,240,3225
2022-11-23 23:56:08.300000,50.028204,50.029598,50.028647,50.028018,50.028616750000005,240,3225
2022-11-23 23:56:08.320000,50.02793,50.02967,50.028117,50.029352,50.02876725,240,3225
2022-11-23 23:56:08.340000,50.02837,50.029086,50.02786,50.028861,50.02854425,240,3225
2022-11-23 23:56:08.360000,50.028769,50.028375,50.027872,50.027241,50.02806425,240,3225
2022-11-23 23:56:08.380000,50.028991,50.028314,50.02809,50.028778,50.02854325,240,3225
2022-11-23 23:56:08.400000,50.028792,50.027872,50.028672,50.029251,50.02864675000001,240,3225
2022-11-23 23:56:08.420000,50.028542,50.026903,50.028871,50.027685,50.02800025,240,3225
2022-11-23 23:56:08.440000,50.028467,50.026244,50.028968,50.028037,50.027929,240,3225
2022-11-23 23:56:08.460000,50.028274,50.027142,50.029034,50.028935,50.02834625,240,3225
2022-11-23 23:56:08.480000,50.02818,50.02864,50.028673,50.028602,50.02852375,240,3225
2022-11-23 23:56:08.500000,50.028181,50.02912,50.028399,50.028037,50.028434250000004,240,3225
2022-11-23 23:56:08.520000,50.027875,50.028195,50.028185,50.027722,50.027994250000006,240,3225
2022-11-23 23:56:08.540000,50.027602,50.026828,50.027447,50.028139,50.027504,240,3225
2022-11-23 23:56:08.560000,50.027329,50.026904,50.027051,50.026527,50.02695275000001,240,3225
2022-11-23 23:56:08.580000,50.027384,50.028218,50.027551,50.028047,50.0278,240,3225
2022-11-23 23:56:08.600000,50.027981,50.029053,50.028207,50.028046,50.02832175,240,3225
2022-11-23 23:56:08.620000,50.028032,50.027931,50.028038,50.027176,50.02779425,240,3225
2022-11-23 23:56:08.640000,50.026931,50.026042,50.027477,50.026408,50.0267145,240,3225
2022-11-23 23:56:08.660000,50.026954,50.025549,50.027713,50.026954,50.0267925,240,3225
2022-11-23 23:56:08.680000,50.028517,50.026481,50.028023,50.027046,50.027516750000004,240,3225
2022-11-23 23:56:08.700000,50.029181,50.027283,50.028071,50.02888,50.02835375000001,240,3225
2022-11-23 23:56:08.720000,50.027945,50.027489,50.028239,50.028083,50.027939,240,3225
2022-11-23 23:56:08.740000,50.027145,50.027263,50.027642,50.027769,50.02745475,240,3225
2022-11-23 23:56:08.760000,50.027685,50.026487,50.027061,50.025963,50.026799,240,3225
2022-11-23 23:56:08.780000,50.028064,50.025403,50.02719,50.028536,50.02729825,240,3225
2022-11-23 23:56:08.800000,50.026704,50.024749,50.027412,50.025399,50.026066,240,3225
2022-11-23 23:56:08.820000,50.025375,50.025634,50.027589,50.026102,50.026175,240,3225
2022-11-23 23:56:08.840000,50.026803,50.027221,50.027976,50.027472,50.027367999999996,240,3225
2022-11-23 23:56:08.860000,50.028545,50.027025,50.027961,50.027334,50.02771625,240,3225
2022-11-23 23:56:08.880000,50.027837,50.025693,50.027597,50.026305,50.026858,240,3225
2022-11-23 23:56:08.900000,50.026482,50.025414,50.027342,50.026778,50.026504,240,3225
2022-11-23 23:56:08.920000,50.026819,50.025824,50.026734,50.026732,50.02652725,240,3225
2022-11-23 23:56:08.940000,50.027546,50.026495,50.026024,50.026064,50.026532249999995,240,3225
2022-11-23 23:56:08.960000,50.026583,50.027127,50.025336,50.026148,50.0262985,240,3225
2022-11-23 23:56:08.980000,50.025685,50.026585,50.024663,50.027315,50.026061999999996,240,3225
2022-11-23 23:56:09.000000,50.026135,50.026055,50.025292,50.025722,50.025801,240,3225
2022-11-23 23:56:09.020000,50.026643,50.025962,50.026536,50.028186,50.02683175,240,3225
2022-11-23 23:56:09.040000,50.026671,50.025339,50.026874,50.027657,50.02663525,240,3225
2022-11-23 23:56:09.060000,50.026324,50.024612,50.02677,50.025565,50.02581775,240,3225
2022-11-23 23:56:09.080000,50.026278,50.025401,50.026867,50.025537,50.02602075,240,3225
2022-11-23 23:56:09.100000,50.027196,50.026779,50.02658,50.026518,50.02676825,240,3225
2022-11-23 23:56:09.120000,50.026862,50.026165,50.02573,50.024,50.02568925,240,3225
2022-11-23 23:56:09.140000,50.025491,50.025244,50.025042,50.02575,50.02538175000001,240,3225
2022-11-23 23:56:09.160000,50.025681,50.025048,50.025264,50.026213,50.02555149999999,240,3225
2022-11-23 23:56:09.180000,50.026078,50.02457,50.025391,50.025519,50.025389499999996,240,3225
2022-11-23 23:56:09.200000,50.025764,50.024451,50.02469,50.025046,50.02498775,240,3225
2022-11-23 23:56:09.220000,50.025301,50.024492,50.024337,50.024445,50.024643749999996,240,3225
2022-11-23 23:56:09.240000,50.024417,50.023932,50.024357,50.02537,50.024519000000005,240,3225
2022-11-23 23:56:09.260000,50.02444,50.022694,50.024399,50.025862,50.024348749999994,240,3225
2022-11-23 23:56:09.280000,50.025528,50.022854,50.024579,50.024435,50.024349,240,3225
2022-11-23 23:56:09.300000,50.024986,50.025036,50.024643,50.025806,50.02511774999999,240,3225
2022-11-23 23:56:09.320000,50.02349,50.027064,50.024468,50.024777,50.02494975,240,3225
2022-11-23 23:56:09.340000,50.023453,50.026858,50.024186,50.023741,50.0245595,240,3225
2022-11-23 23:56:09.360000,50.024301,50.025435,50.023351,50.021796,50.023720749999995,240,3225
2022-11-23 23:56:09.380000,50.024051,50.024895,50.023153,50.023602,50.023925250000005,240,3225
2022-11-23 23:56:09.400000,50.023162,50.024636,50.023168,50.02488,50.0239615,240,3225
2022-11-23 23:56:09.420000,50.023158,50.024459,50.023192,50.023352,50.023540249999996,240,3225
2022-11-23 23:56:09.440000,50.023838,50.024984,50.023461,50.023361,50.023911,240,3225
2022-11-23 23:56:09.460000,50.024217,50.025164,50.023495,50.023408,50.024071000000006,240,3225
2022-11-23 23:56:09.480000,50.023532,50.023976,50.023111,50.022953,50.023393,240,3225
2022-11-23 23:56:09.500000,50.023209,50.023258,50.022927,50.023833,50.02330675,240,3225
2022-11-23 23:56:09.520000,50.024116,50.02335,50.023003,50.022574,50.02326075,240,3225
2022-11-23 23:56:09.540000,50.024079,50.023839,50.023037,50.022889,50.023461000000005,240,3225
2022-11-23 23:56:09.560000,50.022824,50.024193,50.023114,50.023454,50.023396250000005,240,3225
2022-11-23 23:56:09.580000,50.02224,50.024476,50.023021,50.025148,50.02372125,240,3225
2022-11-23 23:56:09.600000,50.022283,50.024044,50.022631,50.021556,50.0226285,240,3225
2022-11-23 23:56:09.620000,50.022866,50.02335,50.022948,50.023037,50.02305025,240,3225
2022-11-23 23:56:09.640000,50.023617,50.023616,50.023445,50.023287,50.023491250000006,240,3225
2022-11-23 23:56:09.660000,50.023745,50.024272,50.023631,50.023796,50.023861000000004,240,3225
2022-11-23 23:56:09.680000,50.02355,50.024696,50.024029,50.022888,50.023790749999996,240,3225
2022-11-23 23:56:09.700000,50.02306,50.024284,50.024372,50.023667,50.02384575000001,240,3225
2022-11-23 23:56:09.720000,50.021699,50.023189,50.024251,50.024232,50.02334275,240,3225
2022-11-23 23:56:09.740000,50.020824,50.022753,50.023977,50.023898,50.022863,240,3225
2022-11-23 23:56:09.760000,50.021557,50.022601,50.023471,50.02138,50.02225225,240,3225
2022-11-23 23:56:09.780000,50.023472,50.023144,50.023318,50.023102,50.023258999999996,240,3225
2022-11-23 23:56:09.800000,50.023759,50.024401,50.023324,50.023982,50.0238665,240,3225
2022-11-23 23:56:09.820000,50.022439,50.025504,50.023505,50.023222,50.0236675,240,3225
2022-11-23 23:56:09.840000,50.022403,50.02508,50.023319,50.023343,50.02353625000001,240,3225
2022-11-23 23:56:09.860000,50.023143,50.023047,50.022979,50.022889,50.023014499999995,240,3225
2022-11-23 23:56:09.880000,50.022814,50.022216,50.023309,50.023342,50.02292025,240,3225
2022-11-23 23:56:09.900000,50.022593,50.02357,50.0238,50.021916,50.02296975,240,3225
2022-11-23 23:56:09.920000,50.023348,50.024783,50.023806,50.022584,50.02363025,240,3225
2022-11-23 23:56:09.940000,50.023737,50.024329,50.023318,50.023463,50.023711750000004,240,3225
2022-11-23 23:56:09.960000,50.023495,50.022438,50.022782,50.023444,50.023039749999995,240,3225
2022-11-23 23:56:09.980000,50.02287,50.020997,50.022766,50.022472,50.02227625,240,3225
2022-11-23 23:56:10.000000,50.021944,50.021862,50.022822,50.02263,50.02231449999999,240,3225
2022-11-23 23:56:10.020000,50.022101,50.023023,50.022739,50.024713,50.023143999999995,240,3225
2022-11-23 23:56:10.040000,50.022889,50.021504,50.022882,50.021963,50.0223095,240,3225
2022-11-23 23:56:10.060000,50.022565,50.021031,50.023548,50.021425,50.02214225,240,3225
2022-11-23 23:56:10.080000,50.022468,50.023721,50.023399,50.022482,50.0230175,240,3225
2022-11-23 23:56:10.100000,50.023222,50.024304,50.022981,50.024166,50.02366825000001,240,3225
2022-11-23 23:56:10.120000,50.023861,50.022201,50.022852,50.023797,50.02317775,240,3225
2022-11-23 23:56:10.140000,50.023314,50.020958,50.022315,50.023963,50.0226375,240,3225
2022-11-23 23:56:10.160000,50.022605,50.021401,50.021895,50.022129,50.0220075,240,3225
2022-11-23 23:56:10.180000,50.02288,50.022689,50.02248,50.022074,50.02253075,240,3225
2022-11-23 23:56:10.200000,50.023297,50.022299,50.023303,50.023352,50.023062749999994,240,3225
2022-11-23 23:56:10.220000,50.023,50.021049,50.022857,50.023167,50.022518250000005,240,3225
2022-11-23 23:56:10.240000,50.02262,50.021196,50.022189,50.022222,50.022056750000004,240,3225
2022-11-23 23:56:10.260000,50.022648,50.021792,50.022323,50.0235,50.02256575,240,3225
2022-11-23 23:56:10.280000,50.02325,50.022148,50.022747,50.023278,50.022855750000005,240,3225
2022-11-23 23:56:10.300000,50.02331,50.022296,50.023417,50.021935,50.0227395,240,3225
2022-11-23 23:56:10.320000,50.023078,50.021472,50.024021,50.022824,50.022848749999994,240,3225
2022-11-23 23:56:10.340000,50.023227,50.020333,50.024103,50.022949,50.02265299999999,240,3225
2022-11-23 23:56:10.360000,50.022778,50.019936,50.023366,50.021745,50.02195625,240,3225
2022-11-23 23:56:10.380000,50.022472,50.02001,50.021561,50.021593,50.021409,240,3225
2022-11-23 23:56:10.400000,50.022979,50.021043,50.020242,50.021195,50.021364750000004,240,3225
2022-11-23 23:56:10.420000,50.023441,50.022199,50.020194,50.022185,50.02200475,240,3225
2022-11-23 23:56:10.440000,50.023476,50.021818,50.020892,50.020741,50.02173175,240,3225
2022-11-23 23:56:10.460000,50.023339,50.020463,50.021388,50.021667,50.02171425,240,3225
2022-11-23 23:56:10.480000,50.023079,50.01974,50.021514,50.021935,50.021567000000005,240,3225
2022-11-23 23:56:10.500000,50.022926,50.020161,50.021474,50.021158,50.021429749999996,240,3225
2022-11-23 23:56:10.520000,50.022809,50.020903,50.021394,50.021768,50.021718500000006,240,3225
2022-11-23 23:56:10.540000,50.021944,50.021366,50.021445,50.022356,50.02177775,240,3225
2022-11-23 23:56:10.560000,50.020672,50.021477,50.021502,50.021014,50.02116625,240,3225
2022-11-23 23:56:10.580000,50.020644,50.020366,50.021356,50.021898,50.021066,240,3225
2022-11-23 23:56:10.600000,50.021532,50.019328,50.021471,50.019454,50.02044625,240,3225
2022-11-23 23:56:10.620000,50.021459,50.019875,50.021702,50.021491,50.02113175,240,3225
2022-11-23 23:56:10.640000,50.021046,50.020925,50.021475,50.02125,50.021174,240,3225
2022-11-23 23:56:10.660000,50.020792,50.020903,50.020903,50.021861,50.02111475,240,3225
2022-11-23 23:56:10.680000,50.019782,50.019625,50.020858,50.02,50.02006625,240,3225
2022-11-23 23:56:10.700000,50.019102,50.018403,50.021058,50.019676,50.01955975,240,3225
2022-11-23 23:56:10.720000,50.019403,50.018662,50.020674,50.020454,50.01979825,240,3225
2022-11-23 23:56:10.740000,50.01988,50.019439,50.020256,50.019667,50.0198105,240,3225
2022-11-23 23:56:10.760000,50.020208,50.019746,50.019901,50.018935,50.0196975,240,3225
2022-11-23 23:56:10.780000,50.019922,50.019834,50.019632,50.020245,50.01990825,240,3225
2022-11-23 23:56:10.800000,50.018625,50.019648,50.018999,50.019755,50.019256750000004,240,3225
2022-11-23 23:56:10.820000,50.018033,50.019406,50.017968,50.019574,50.01874525,240,3225
2022-11-23 23:56:10.840000,50.018537,50.019069,50.017798,50.018472,50.018469,240,3225
2022-11-23 23:56:10.860000,50.018644,50.019028,50.018538,50.018769,50.018744749999996,240,3225
2022-11-23 23:56:10.880000,50.018439,50.019171,50.0193,50.01818,50.018772500000004,240,3225
2022-11-23 23:56:10.900000,50.019203,50.019134,50.019609,50.017893,50.01895975000001,240,3225
2022-11-23 23:56:10.920000,50.020093,50.017843,50.019487,50.018926,50.01908725,240,3225
2022-11-23 23:56:10.940000,50.018546,50.015848,50.019329,50.018509,50.018057999999996,240,3225
2022-11-23 23:56:10.960000,50.016065,50.01544,50.018415,50.017083,50.01675075,240,3225
2022-11-23 23:56:10.980000,50.015713,50.016875,50.017524,50.017565,50.01691925,240,3225
2022-11-23 23:56:11.000000,50.016607,50.017546,50.016963,50.01726,50.017094,240,3225
2022-11-23 23:56:11.020000,50.01662,50.017431,50.016873,50.016416,50.016835,240,3225
2022-11-23 23:56:11.040000,50.015796,50.01761,50.016976,50.016861,50.016810750000005,240,3225
2022-11-23 23:56:11.060000,50.015505,50.017398,50.016727,50.016315,50.01648625,240,3225
2022-11-23 23:56:11.080000,50.01606,50.017339,50.01639,50.017611,50.016850000000005,240,3225
2022-11-23 23:56:11.100000,50.015745,50.017866,50.016226,50.016269,50.016526500000005,240,3225
2022-11-23 23:56:11.120000,50.015051,50.017556,50.016954,50.015787,50.01633699999999,240,3225
2022-11-23 23:56:11.140000,50.015759,50.016435,50.017587,50.015342,50.01628075,240,3225
2022-11-23 23:56:11.160000,50.016912,50.015796,50.017212,50.016333,50.01656325,240,3225
2022-11-23 23:56:11.180000,50.017348,50.015768,50.016304,50.016157,50.01639425,240,3225
2022-11-23 23:56:11.200000,50.016982,50.01543,50.014928,50.016121,50.01586525,240,3225
2022-11-23 23:56:11.220000,50.015963,50.015449,50.014755,50.015435,50.0154005,240,3225
2022-11-23 23:56:11.240000,50.015357,50.015968,50.015722,50.016324,50.015842750000004,240,3225
2022-11-23 23:56:11.260000,50.01538,50.016217,50.015925,50.015333,50.01571375,240,3225
2022-11-23 23:56:11.280000,50.014287,50.015681,50.015694,50.014421,50.01502075,240,3225
2022-11-23 23:56:11.300000,50.01338,50.014691,50.015859,50.015218,50.014787,240,3225
2022-11-23 23:56:11.320000,50.014338,50.014449,50.015768,50.015056,50.014902750000005,240,3225
2022-11-23 23:56:11.340000,50.015616,50.01544,50.015265,50.016519,50.01571,240,3225
2022-11-23 23:56:11.360000,50.015532,50.015537,50.01463,50.014435,50.0150335,240,3225
2022-11-23 23:56:11.380000,50.014819,50.014963,50.014358,50.015805,50.01498625000001,240,3225
2022-11-23 23:56:11.400000,50.014421,50.015189,50.014422,50.015621,50.01491325,240,3225
2022-11-23 23:56:11.420000,50.01425,50.015333,50.013999,50.014388,50.0144925,240,3225
2022-11-23 23:56:11.440000,50.014385,50.014699,50.013244,50.012778,50.0137765,240,3225
2022-11-23 23:56:11.460000,50.014453,50.014029,50.01327,50.013898,50.0139125,240,3225
2022-11-23 23:56:11.480000,50.014785,50.013713,50.013579,50.013908,50.013996250000005,240,3225
2022-11-23 23:56:11.500000,50.014976,50.013842,50.013977,50.013592,50.01409675000001,240,3225
2022-11-23 23:56:11.520000,50.01389,50.013473,50.014333,50.014028,50.013931,240,3225
2022-11-23 23:56:11.540000,50.012959,50.012801,50.014416,50.013084,50.013315,240,3225
2022-11-23 23:56:11.560000,50.013689,50.012629,50.014289,50.014028,50.01365875,240,3225
2022-11-23 23:56:11.580000,50.014089,50.013268,50.013967,50.013481,50.01370125,240,3225
2022-11-23 23:56:11.600000,50.013635,50.01418,50.01325,50.012611,50.013419,240,3225
2022-11-23 23:56:11.620000,50.013408,50.014296,50.01244,50.013944,50.013522,240,3225
2022-11-23 23:56:11.640000,50.013185,50.013218,50.01186,50.012,50.01256575,240,3225
2022-11-23 23:56:11.660000,50.012967,50.012319,50.011745,50.012935,50.012491499999996,240,3225
2022-11-23 23:56:11.680000,50.012727,50.012741,50.011911,50.012361,50.012434999999996,240,3225
2022-11-23 23:56:11.700000,50.012149,50.013268,50.012158,50.012111,50.0124215,240,3225
2022-11-23 23:56:11.720000,50.011997,50.012824,50.012239,50.011556,50.012153999999995,240,3225
2022-11-23 23:56:11.740000,50.012597,50.012083,50.011979,50.012064,50.01218075,240,3225
2022-11-23 23:56:11.760000,50.013205,50.011825,50.011849,50.010352,50.01180775,240,3225
2022-11-23 23:56:11.780000,50.012172,50.011879,50.012016,50.012148,50.01205375,240,3225
2022-11-23 23:56:11.800000,50.010093,50.011246,50.011773,50.011334,50.0111115,240,3225
2022-11-23 23:56:11.820000,50.009902,50.011588,50.011049,50.010148,50.01067175,240,3225
2022-11-23 23:56:11.840000,50.011305,50.012504,50.010738,50.010444,50.01124775,240,3225
2022-11-23 23:56:11.860000,50.012125,50.011907,50.010771,50.011944,50.01168675,240,3225
2022-11-23 23:56:11.880000,50.011542,50.010569,50.010677,50.01025,50.01075949999999,240,3225
2022-11-23 23:56:11.900000,50.011102,50.009639,50.010458,50.012352,50.01088775,240,3225
2022-11-23 23:56:11.920000,50.011662,50.009601,50.01029,50.010463,50.010504,240,3225
2022-11-23 23:56:11.940000,50.011523,50.010749,50.010365,50.010519,50.010789,240,3225
2022-11-23 23:56:11.960000,50.010181,50.011422,50.010642,50.011102,50.010836749999996,240,3225
2022-11-23 23:56:11.980000,50.010069,50.010848,50.010203,50.008518,50.0099095,240,3225
2022-11-23 23:56:12.000000,50.010296,50.009814,50.009287,50.008917,50.009578499999996,240,3225
2022-11-23 23:56:12.020000,50.009615,50.009445,50.008697,50.011092,50.00971225,240,3225
2022-11-23 23:56:12.040000,50.009551,50.010088,50.008593,50.008611,50.00921075,240,3225
2022-11-23 23:56:12.060000,50.009871,50.011102,50.009069,50.009528,50.00989249999999,240,3225
2022-11-23 23:56:12.080000,50.009694,50.011264,50.00913,50.010162,50.010062500000004,240,3225
2022-11-23 23:56:12.100000,50.008996,50.010621,50.009081,50.010273,50.00974275,240,3225
2022-11-23 23:56:12.120000,50.00861,50.009972,50.00945,50.008667,50.00917475,240,3225
2022-11-23 23:56:12.140000,50.008505,50.009759,50.009904,50.009694,50.0094655,240,3225
2022-11-23 23:56:12.160000,50.009205,50.009815,50.010066,50.008972,50.0095145,240,3225
2022-11-23 23:56:12.180000,50.010541,50.010148,50.009677,50.00962,50.0099965,240,3225
2022-11-23 23:56:12.200000,50.010217,50.010426,50.009226,50.009621,50.00987250000001,240,3225
2022-11-23 23:56:12.220000,50.008671,50.01056,50.009162,50.00887,50.00931575,240,3225
2022-11-23 23:56:12.240000,50.008256,50.010712,50.009339,50.008843,50.0092875,240,3225
2022-11-23 23:56:12.260000,50.008671,50.009852,50.00911,50.009935,50.009392000000005,240,3225
2022-11-23 23:56:12.280000,50.008514,50.009129,50.009547,50.007764,50.0087385,240,3225
2022-11-23 23:56:12.300000,50.00805,50.00962,50.010522,50.009273,50.00936625,240,3225
2022-11-23 23:56:12.320000,50.008538,50.010579,50.01056,50.011231,50.010227,240,3225
2022-11-23 23:56:12.340000,50.009153,50.01075,50.009997,50.010204,50.010025999999996,240,3225
2022-11-23 23:56:12.360000,50.008851,50.010042,50.010146,50.009648,50.009671749999995,240,3225
2022-11-23 23:56:12.380000,50.008023,50.009472,50.010013,50.00863,50.0090345,240,3225
2022-11-23 23:56:12.400000,50.007778,50.010121,50.009222,50.009352,50.00911825,240,3225
2022-11-23 23:56:12.420000,50.008885,50.011166,50.008587,50.008842,50.009370000000004,240,3225
2022-11-23 23:56:12.440000,50.009407,50.010518,50.008137,50.009296,50.0093395,240,3225
2022-11-23 23:56:12.460000,50.00849,50.008777,50.008069,50.009166,50.0086255,240,3225
2022-11-23 23:56:12.480000,50.008343,50.008375,50.008957,50.009305,50.008745000000005,240,3225
2022-11-23 23:56:12.500000,50.00925,50.009157,50.00971,50.010037,50.009538500000005,240,3225
2022-11-23 23:56:12.520000,50.00944,50.009014,50.010103,50.009472,50.00950725,240,3225
2022-11-23 23:56:12.540000,50.009037,50.00844,50.010229,50.009676,50.009345499999995,240,3225
2022-11-23 23:56:12.560000,50.00918,50.009371,50.009675,50.008213,50.00910975000001,240,3225
2022-11-23 23:56:12.580000,50.00888,50.01049,50.009367,50.008777,50.0093785,240,3225
2022-11-23 23:56:12.600000,50.007334,50.009958,50.009438,50.01012,50.0092125,240,3225
2022-11-23 23:56:12.620000,50.007232,50.009259,50.008956,50.009806,50.008813249999996,240,3225
2022-11-23 23:56:12.640000,50.008982,50.009768,50.008369,50.009342,50.00911525000001,240,3225
2022-11-23 23:56:12.660000,50.009671,50.010069,50.008483,50.008936,50.00928975,240,3225
2022-11-23 23:56:12.680000,50.009421,50.009375,50.008826,50.008815,50.00910925,240,3225
2022-11-23 23:56:12.700000,50.008764,50.008444,50.008691,50.00988,50.00894475,240,3225
2022-11-23 23:56:12.720000,50.007977,50.007717,50.008559,50.007815,50.008016999999995,240,3225
2022-11-23 23:56:12.740000,50.008161,50.007741,50.008586,50.008176,50.008166,240,3225
2022-11-23 23:56:12.760000,50.008203,50.008209,50.009142,50.008583,50.00853425,240,3225
2022-11-23 23:56:12.780000,50.007319,50.009232,50.009681,50.007759,50.00849775,240,3225
2022-11-23 23:56:12.800000,50.007139,50.010523,50.009663,50.008935,50.00906500000001,240,3225
2022-11-23 23:56:12.820000,50.008138,50.01018,50.009436,50.00975,50.009375999999996,240,3225
2022-11-23 23:56:12.840000,50.009541,50.008398,50.00877,50.009287,50.008998999999996,240,3225
2022-11-23 23:56:12.860000,50.01032,50.008407,50.007751,50.007731,50.00855225,240,3225
2022-11-23 23:56:12.880000,50.01013,50.011446,50.00744,50.009361,50.009594250000006,240,3225
2022-11-23 23:56:12.900000,50.010421,50.012657,50.007937,50.008028,50.00976075,240,3225
2022-11-23 23:56:12.920000,50.011189,50.010347,50.008971,50.00912,50.00990675,240,3225
2022-11-23 23:56:12.940000,50.010463,50.008751,50.009349,50.00838,50.00923575,240,3225
2022-11-23 23:56:12.960000,50.008695,50.008042,50.008783,50.008584,50.008526,240,3225
2022-11-23 23:56:12.980000,50.00857,50.007056,50.008147,50.007286,50.00776475,240,3225
2022-11-23 23:56:13.000000,50.009106,50.007259,50.007991,50.008408,50.008191000000004,240,3225
2022-11-23 23:56:13.020000,50.009097,50.008213,50.00789,50.007667,50.008216749999995,240,3225
2022-11-23 23:56:13.040000,50.008941,50.008426,50.007667,50.008185,50.00830475,240,3225
2022-11-23 23:56:13.060000,50.008954,50.007954,50.00803,50.009408,50.0085865,240,3225
2022-11-23 23:56:13.080000,50.008695,50.00763,50.008756,50.007778,50.00821475,240,3225
2022-11-23 23:56:13.100000,50.008144,50.007829,50.008723,50.00813,50.0082065,240,3225
2022-11-23 23:56:13.120000,50.008041,50.008102,50.007872,50.009306,50.00833025,240,3225
2022-11-23 23:56:13.140000,50.008657,50.00838,50.007087,50.007435,50.007889750000004,240,3225
2022-11-23 23:56:13.160000,50.009686,50.009157,50.007615,50.007703,50.008540249999996,240,3225
2022-11-23 23:56:13.180000,50.010245,50.009333,50.008229,50.009185,50.009248,240,3225
2022-11-23 23:56:13.200000,50.009356,50.008097,50.008385,50.008186,50.008506,240,3225
2022-11-23 23:56:13.220000,50.007967,50.007032,50.008346,50.008389,50.0079335,240,3225
2022-11-23 23:56:13.240000,50.0075,50.00662,50.008116,50.007833,50.00751725,240,3225
2022-11-23 23:56:13.260000,50.008204,50.006255,50.007959,50.007398,50.007454,240,3225
2022-11-23 23:56:13.280000,50.008824,50.006663,50.007712,50.007908,50.007776750000005,240,3225
2022-11-23 23:56:13.300000,50.008439,50.007838,50.007907,50.00912,50.008326,240,3225
2022-11-23 23:56:13.320000,50.008134,50.008385,50.009141,50.008935,50.00864875,240,3225
2022-11-23 23:56:13.340000,50.008626,50.007902,50.009955,50.009509,50.008998,240,3225
2022-11-23 23:56:13.360000,50.008023,50.007856,50.009653,50.00838,50.008478,240,3225
2022-11-23 23:56:13.380000,50.006402,50.008768,50.008889,50.006806,50.00771625,240,3225
2022-11-23 23:56:13.400000,50.006296,50.009018,50.00844,50.00912,50.0082185,240,3225
2022-11-23 23:56:13.420000,50.007533,50.007723,50.008086,50.00863,50.007993,240,3225
2022-11-23 23:56:13.440000,50.008231,50.00632,50.007736,50.007362,50.00741225,240,3225
2022-11-23 23:56:13.460000,50.007797,50.006231,50.007788,50.008472,50.007571999999996,240,3225
2022-11-23 23:56:13.480000,50.007542,50.007061,50.00826,50.007491,50.0075885,240,3225
2022-11-23 23:56:13.500000,50.007811,50.007657,50.00874,50.008685,50.00822325,240,3225
2022-11-23 23:56:13.520000,50.00825,50.007746,50.008942,50.007342,50.00807,240,3225
2022-11-23 23:56:13.540000,50.008231,50.007652,50.009087,50.008195,50.00829125,240,3225
2022-11-23 23:56:13.560000,50.007611,50.006972,50.009247,50.008602,50.00810799999999,240,3225
2022-11-23 23:56:13.580000,50.007529,50.006574,50.009106,50.008287,50.007874,240,3225
2022-11-23 23:56:13.600000,50.007759,50.00737,50.008798,50.00826,50.008046750000005,240,3225
2022-11-23 23:56:13.620000,50.007393,50.008135,50.008202,50.007861,50.00789775,240,3225
2022-11-23 23:56:13.640000,50.006934,50.008195,50.00776,50.008473,50.0078405,240,3225
2022-11-23 23:56:13.660000,50.00713,50.008037,50.007742,50.007482,50.00759775,240,3225
2022-11-23 23:56:13.680000,50.007598,50.007843,50.007645,50.008204,50.0078225,240,3225
2022-11-23 23:56:13.700000,50.007472,50.00743,50.007595,50.008259,50.007689000000006,240,3225
2022-11-23 23:56:13.720000,50.007541,50.006986,50.007143,50.007852,50.0073805,240,3225
2022-11-23 23:56:13.740000,50.007778,50.00718,50.006417,50.006426,50.00695025,240,3225
2022-11-23 23:56:13.760000,50.007685,50.008004,50.00648,50.007352,50.007380250000004,240,3225
2022-11-23 23:56:13.780000,50.007547,50.008598,50.00738,50.008916,50.00811025,240,3225
2022-11-23 23:56:13.800000,50.007152,50.008236,50.00766,50.006824,50.007468,240,3225
2022-11-23 23:56:13.820000,50.006735,50.007662,50.007375,50.008121,50.007473250000004,240,3225
2022-11-23 23:56:13.840000,50.007723,50.008,50.007312,50.007092,50.00753175,240,3225
2022-11-23 23:56:13.860000,50.008588,50.008412,50.007642,50.0075,50.0080355,240,3225
2022-11-23 23:56:13.880000,50.007649,50.008269,50.007569,50.007528,50.00775375,240,3225
2022-11-23 23:56:13.900000,50.007245,50.007917,50.007358,50.007213,50.007433250000005,240,3225
2022-11-23 23:56:13.920000,50.008698,50.007611,50.007004,50.00738,50.007673249999996,240,3225
2022-11-23 23:56:13.940000,50.009167,50.006809,50.006923,50.006806,50.007426249999995,240,3225
2022-11-23 23:56:13.960000,50.008334,50.006329,50.007001,50.008194,50.0074645,240,3225
2022-11-23 23:56:13.980000,50.008944,50.007051,50.007322,50.005917,50.00730850000001,240,3225
2022-11-23 23:56:14.000000,50.0095,50.008677,50.007446,50.007361,50.008246,240,3225
2022-11-23 23:56:14.020000,50.008458,50.009199,50.007309,50.008074,50.00826,240,3225
2022-11-23 23:56:14.040000,50.007158,50.007816,50.007395,50.006796,50.00729125,240,3225
2022-11-23 23:56:14.060000,50.006652,50.006601,50.007253,50.006259,50.00669125,240,3225
2022-11-23 23:56:14.080000,50.007203,50.007241,50.00681,50.007509,50.00719075,240,3225
2022-11-23 23:56:14.100000,50.007818,50.008786,50.006348,50.007084,50.007509,240,3225
2022-11-23 23:56:14.120000,50.007671,50.008754,50.005974,50.005592,50.006997750000004,240,3225
2022-11-23 23:56:14.140000,50.007764,50.007782,50.005825,50.008296,50.00741675,240,3225
2022-11-23 23:56:14.160000,50.008013,50.007556,50.006225,50.007334,50.007282000000004,240,3225
2022-11-23 23:56:14.180000,50.007375,50.007574,50.007139,50.007361,50.00736225,240,3225
2022-11-23 23:56:14.200000,50.006,50.007093,50.007664,50.006833,50.0068975,240,3225
2022-11-23 23:56:14.220000,50.005797,50.00669,50.007234,50.006241,50.0064905,240,3225
2022-11-23 23:56:14.240000,50.006977,50.006486,50.006393,50.004982,50.0062095,240,3225
2022-11-23 23:56:14.260000,50.007649,50.006681,50.005711,50.007167,50.006802,240,3225
2022-11-23 23:56:14.280000,50.007069,50.006986,50.005906,50.006343,50.006575999999995,240,3225
2022-11-23 23:56:14.300000,50.006185,50.006959,50.006334,50.006759,50.00655925000001,240,3225
2022-11-23 23:56:14.320000,50.005658,50.006791,50.006455,50.006593,50.00637425000001,240,3225
2022-11-23 23:56:14.340000,50.005723,50.007736,50.006923,50.005287,50.006417250000005,240,3225
2022-11-23 23:56:14.360000,50.005905,50.008644,50.006894,50.006611,50.00701349999999,240,3225
2022-11-23 23:56:14.380000,50.006226,50.007616,50.006612,50.005704,50.0065395,240,3225
2022-11-23 23:56:14.400000,50.006838,50.005921,50.006385,50.005704,50.006212000000005,240,3225
2022-11-23 23:56:14.420000,50.006991,50.005232,50.006387,50.007241,50.00646275,240,3225
2022-11-23 23:56:14.440000,50.006398,50.005583,50.00652,50.007092,50.00639825,240,3225
2022-11-23 23:56:14.460000,50.006103,50.005838,50.006501,50.006204,50.0061615,240,3225
2022-11-23 23:56:14.480000,50.006365,50.005745,50.006459,50.004916,50.005871250000006,240,3225
2022-11-23 23:56:14.500000,50.005982,50.005861,50.006694,50.005671,50.006052000000004,240,3225
2022-11-23 23:56:14.520000,50.005491,50.006366,50.0071,50.005403,50.00609,240,3225
2022-11-23 23:56:14.540000,50.005764,50.006519,50.007389,50.007491,50.00679075000001,240,3225
2022-11-23 23:56:14.560000,50.006458,50.006111,50.007352,50.006686,50.00665175,240,3225
2022-11-23 23:56:14.580000,50.007033,50.005982,50.007148,50.007491,50.006913499999996,240,3225
2022-11-23 23:56:14.600000,50.006634,50.006241,50.006721,50.007361,50.00673925,240,3225
2022-11-23 23:56:14.620000,50.00551,50.006671,50.006541,50.005991,50.00617825,240,3225
2022-11-23 23:56:14.640000,50.005638,50.006255,50.006273,50.006926,50.006273,240,3225
2022-11-23 23:56:14.660000,50.006038,50.004902,50.005744,50.00613,50.005703499999996,240,3225
2022-11-23 23:56:14.680000,50.005773,50.004708,50.005778,50.006495,50.0056885,240,3225
2022-11-23 23:56:14.700000,50.006032,50.005875,50.006214,50.007509,50.0064075,240,3225
2022-11-23 23:56:14.720000,50.006487,50.006255,50.006721,50.005592,50.00626375,240,3225
2022-11-23 23:56:14.740000,50.006153,50.006098,50.007404,50.008602,50.00706425,240,3225
2022-11-23 23:56:14.760000,50.005903,50.005666,50.007599,50.006357,50.006381250000004,240,3225
2022-11-23 23:56:14.780000,50.006337,50.005334,50.007278,50.006532,50.00637025,240,3225
2022-11-23 23:56:14.800000,50.00582,50.005954,50.006863,50.005871,50.006127000000006,240,3225
2022-11-23 23:56:14.820000,50.005412,50.007027,50.006528,50.00649,50.006364250000004,240,3225
2022-11-23 23:56:14.840000,50.006333,50.007685,50.006555,50.007375,50.006986999999995,240,3225
2022-11-23 23:56:14.860000,50.00669,50.007235,50.006916,50.006954,50.00694875,240,3225
2022-11-23 23:56:14.880000,50.006279,50.006319,50.007217,50.007075,50.006722499999995,240,3225
2022-11-23 23:56:14.900000,50.006963,50.005982,50.007516,50.006514,50.006743750000005,240,3225
2022-11-23 23:56:14.920000,50.007995,50.006436,50.007568,50.00694,50.007234749999995,240,3225
2022-11-23 23:56:14.940000,50.007528,50.007171,50.007275,50.006963,50.007234249999996,240,3225
2022-11-23 23:56:14.960000,50.007074,50.006917,50.007439,50.007759,50.00729725,240,3225
2022-11-23 23:56:14.980000,50.008042,50.006014,50.007495,50.007796,50.00733675000001,240,3225
2022-11-23 23:56:15.000000,50.00881,50.005722,50.007304,50.006954,50.007197500000004,240,3225
2022-11-23 23:56:15.020000,50.00806,50.005607,50.006984,50.006653,50.006826,240,3225
2022-11-23 23:56:15.040000,50.006759,50.005523,50.006764,50.00693,50.006494,240,3225
2022-11-23 23:56:15.060000,50.006495,50.006175,50.006771,50.006968,50.00660225,240,3225
2022-11-23 23:56:15.080000,50.007528,50.007014,50.006455,50.007236,50.00705825000001,240,3225
2022-11-23 23:56:15.100000,50.008139,50.006838,50.005741,50.006357,50.00676875,240,3225
2022-11-23 23:56:15.120000,50.008134,50.005931,50.005571,50.007815,50.006862749999996,240,3225
2022-11-23 23:56:15.140000,50.007866,50.005774,50.006437,50.008602,50.00716975,240,3225
2022-11-23 23:56:15.160000,50.007421,50.00656,50.007681,50.005416,50.0067695,240,3225
2022-11-23 23:56:15.180000,50.007342,50.006499,50.007428,50.007917,50.007296499999995,240,3225
2022-11-23 23:56:15.200000,50.007573,50.005435,50.0065,50.006945,50.00661325,240,3225
2022-11-23 23:56:15.220000,50.007343,50.005292,50.006565,50.006259,50.006364749999996,240,3225
2022-11-23 23:56:15.240000,50.007436,50.006467,50.007082,50.0065,50.00687125,240,3225
2022-11-23 23:56:15.260000,50.007986,50.006921,50.006831,50.006408,50.0070365,240,3225
2022-11-23 23:56:15.280000,50.007606,50.006254,50.006099,50.006944,50.00672575,240,3225
2022-11-23 23:56:15.300000,50.006005,50.006505,50.005542,50.006236,50.006071999999996,240,3225
2022-11-23 23:56:15.320000,50.005227,50.007597,50.005236,50.006371,50.00610775,240,3225
2022-11-23 23:56:15.340000,50.005977,50.007857,50.005472,50.006847,50.00653825,240,3225
2022-11-23 23:56:15.360000,50.006333,50.006801,50.006279,50.004718,50.00603275,240,3225
2022-11-23 23:56:15.380000,50.006032,50.005449,50.006868,50.008037,50.0065965,240,3225
2022-11-23 23:56:15.400000,50.005962,50.005413,50.006796,50.006806,50.006244249999995,240,3225
2022-11-23 23:56:15.420000,50.006758,50.007068,50.006793,50.006273,50.006723,240,3225
2022-11-23 23:56:15.440000,50.00705,50.008406,50.006512,50.005532,50.00687500000001,240,3225
2022-11-23 23:56:15.460000,50.005524,50.008014,50.006158,50.00626,50.006489,240,3225
2022-11-23 23:56:15.480000,50.004421,50.006662,50.005947,50.005115,50.005536250000006,240,3225
2022-11-23 23:56:15.500000,50.005124,50.00638,50.005752,50.005977,50.00580825,240,3225
2022-11-23 23:56:15.520000,50.006186,50.007098,50.005662,50.005848,50.006198499999996,240,3225
2022-11-23 23:56:15.540000,50.006407,50.007454,50.005767,50.00681,50.0066095,240,3225
2022-11-23 23:56:15.560000,50.006408,50.007528,50.005937,50.005111,50.006246000000004,240,3225
2022-11-23 23:56:15.580000,50.006527,50.00725,50.006313,50.005713,50.00645075,240,3225
2022-11-23 23:56:15.600000,50.005769,50.006486,50.00619,50.00582,50.00606625,240,3225
2022-11-23 23:56:15.620000,50.004685,50.006027,50.005847,50.00569,50.00556225000001,240,3225
2022-11-23 23:56:15.640000,50.004681,50.006139,50.005726,50.006106,50.005663,240,3225
2022-11-23 23:56:15.660000,50.005501,50.006819,50.005875,50.006153,50.006086999999994,240,3225
2022-11-23 23:56:15.680000,50.005932,50.007769,50.006099,50.006579,50.006594750000005,240,3225
2022-11-23 23:56:15.700000,50.005722,50.007903,50.006371,50.006463,50.00661475,240,3225
2022-11-23 23:56:15.720000,50.005588,50.006241,50.006327,50.006107,50.006065750000005,240,3225
2022-11-23 23:56:15.740000,50.005778,50.004658,50.006077,50.005398,50.00547775,240,3225
2022-11-23 23:56:15.760000,50.006143,50.004171,50.005984,50.005727,50.00550625,240,3225
2022-11-23 23:56:15.780000,50.005759,50.004416,50.006128,50.005518,50.00545525,240,3225
2022-11-23 23:56:15.800000,50.004912,50.005116,50.006027,50.006264,50.005579749999995,240,3225
2022-11-23 23:56:15.820000,50.004912,50.005578,50.005662,50.006528,50.00567,240,3225
2022-11-23 23:56:15.840000,50.00632,50.005607,50.005695,50.007361,50.006245750000005,240,3225
2022-11-23 23:56:15.860000,50.006889,50.005468,50.005733,50.005282,50.005843,240,3225
2022-11-23 23:56:15.880000,50.00588,50.006348,50.005575,50.006959,50.006190499999995,240,3225
2022-11-23 23:56:15.900000,50.006102,50.008393,50.00581,50.005148,50.00636325,240,3225
2022-11-23 23:56:15.920000,50.008097,50.009264,50.006596,50.007195,50.007788,240,3225
2022-11-23 23:56:15.940000,50.008495,50.007856,50.007501,50.007393,50.00781125,240,3225
2022-11-23 23:56:15.960000,50.006324,50.006288,50.00783,50.006796,50.0068095,240,3225
2022-11-23 23:56:15.980000,50.005482,50.006653,50.007816,50.005546,50.00637425,240,3225
2022-11-23 23:56:16.000000,50.006755,50.007375,50.007764,50.006936,50.0072075,240,3225
2022-11-23 23:56:16.020000,50.00706,50.007203,50.008013,50.00749,50.0074415,240,3225
2022-11-23 23:56:16.040000,50.006339,50.00688,50.007915,50.006398,50.006882999999995,240,3225
2022-11-23 23:56:16.060000,50.006532,50.006847,50.007319,50.007093,50.00694775,240,3225
2022-11-23 23:56:16.080000,50.007514,50.006283,50.006936,50.007089,50.006955500000004,240,3225
2022-11-23 23:56:16.100000,50.00675,50.005435,50.007054,50.006681,50.006479999999996,240,3225
2022-11-23 23:56:16.120000,50.005361,50.005209,50.007032,50.008051,50.00641325,240,3225
2022-11-23 23:56:16.140000,50.006602,50.006143,50.006829,50.005819,50.00634825,240,3225
2022-11-23 23:56:16.160000,50.008703,50.007301,50.006701,50.007612,50.00757925,240,3225
2022-11-23 23:56:16.180000,50.008556,50.00719,50.007108,50.007643,50.00762425,240,3225
2022-11-23 23:56:16.200000,50.007528,50.006046,50.007891,50.007495,50.00724,240,3225
2022-11-23 23:56:16.220000,50.007754,50.005726,50.008187,50.007931,50.007399500000005,240,3225
2022-11-23 23:56:16.240000,50.008509,50.006551,50.007386,50.007926,50.007593,240,3225
2022-11-23 23:56:16.260000,50.008005,50.007232,50.006646,50.007908,50.00744775,240,3225
2022-11-23 23:56:16.280000,50.006551,50.0075,50.006899,50.007074,50.007006000000004,240,3225
2022-11-23 23:56:16.300000,50.00642,50.007787,50.007109,50.006815,50.00703275000001,240,3225
2022-11-23 23:56:16.320000,50.007611,50.007162,50.007149,50.006968,50.0072225,240,3225
2022-11-23 23:56:16.340000,50.008431,50.006259,50.006796,50.007074,50.00714000000001,240,3225
2022-11-23 23:56:16.360000,50.007852,50.005708,50.006531,50.005949,50.006510000000006,240,3225
2022-11-23 23:56:16.380000,50.007226,50.00638,50.006954,50.007945,50.007126250000006,240,3225
2022-11-23 23:56:16.400000,50.007949,50.007898,50.008019,50.006782,50.007661999999996,240,3225
2022-11-23 23:56:16.420000,50.008505,50.008894,50.008616,50.007639,50.0084135,240,3225
2022-11-23 23:56:16.440000,50.007658,50.00869,50.008063,50.007912,50.00808075,240,3225
2022-11-23 23:56:16.460000,50.006759,50.008065,50.007864,50.007389,50.00751925,240,3225
2022-11-23 23:56:16.480000,50.00757,50.007843,50.008122,50.008764,50.00807474999999,240,3225
2022-11-23 23:56:16.500000,50.008954,50.008495,50.008112,50.007621,50.008295499999996,240,3225
2022-11-23 23:56:16.520000,50.009171,50.008842,50.007843,50.00888,50.008684,240,3225
2022-11-23 23:56:16.540000,50.00863,50.007884,50.007661,50.007926,50.00802525,240,3225
2022-11-23 23:56:16.560000,50.008847,50.006523,50.007285,50.007902,50.007639250000004,240,3225
2022-11-23 23:56:16.580000,50.008843,50.005885,50.00674,50.006524,50.006997999999996,240,3225
2022-11-23 23:56:16.600000,50.007657,50.006566,50.006895,50.007356,50.007118500000004,240,3225
2022-11-23 23:56:16.620000,50.007125,50.007824,50.007821,50.009037,50.007951750000004,240,3225
2022-11-23 23:56:16.640000,50.008565,50.008527,50.00852,50.007491,50.008275749999996,240,3225
2022-11-23 23:56:16.660000,50.009898,50.008963,50.008872,50.008481,50.00905350000001,240,3225
2022-11-23 23:56:16.680000,50.009472,50.00925,50.008708,50.009195,50.00915625,240,3225
2022-11-23 23:56:16.700000,50.007499,50.008583,50.008516,50.008051,50.008162250000005,240,3225
2022-11-23 23:56:16.720000,50.006301,50.007634,50.008235,50.007907,50.00751925,240,3225
2022-11-23 23:56:16.740000,50.007221,50.007745,50.007852,50.007759,50.00764425,240,3225
2022-11-23 23:56:16.760000,50.008319,50.008108,50.007763,50.008089,50.00806974999999,240,3225
2022-11-23 23:56:16.780000,50.008343,50.008449,50.008026,50.009277,50.00852375,240,3225
2022-11-23 23:56:16.800000,50.008032,50.009121,50.008583,50.009593,50.00883225,240,3225
2022-11-23 23:56:16.820000,50.007634,50.00924,50.009231,50.008876,50.008745250000004,240,3225
2022-11-23 23:56:16.840000,50.007533,50.009435,50.00868,50.007661,50.008327249999994,240,3225
2022-11-23 23:56:16.860000,50.007797,50.010374,50.0054,50.00845,50.008005250000004,240,3225
2022-11-23 23:56:16.880000,50.008311,50.010606,50.00482,50.009458,50.00829875,240,3225
2022-11-23 23:56:16.900000,50.009065,50.009579,50.009513,50.008773,50.009232499999996,240,3225
2022-11-23 23:56:16.920000,50.009846,50.008648,50.012592,50.009264,50.010087500000004,240,3225
2022-11-23 23:56:16.940000,50.009672,50.00819,50.012191,50.00931,50.00984075,240,3225
2022-11-23 23:56:16.960000,50.009144,50.008501,50.010749,50.009607,50.00950025,240,3225
2022-11-23 23:56:16.980000,50.008941,50.008949,50.009502,50.00844,50.008958,240,3225
2022-11-23 23:56:17.000000,50.008149,50.009175,50.008842,50.008782,50.008736999999996,240,3225
2022-11-23 23:56:17.020000,50.007773,50.009537,50.008861,50.009163,50.0088335,240,3225
2022-11-23 23:56:17.040000,50.008722,50.009731,50.009323,50.008629,50.00910125,240,3225
2022-11-23 23:56:17.060000,50.009427,50.009102,50.009773,50.010954,50.009814,240,3225
2022-11-23 23:56:17.080000,50.009422,50.008806,50.009521,50.00944,50.00929725,240,3225
2022-11-23 23:56:17.100000,50.008981,50.009491,50.008989,50.009328,50.00919725,240,3225
2022-11-23 23:56:17.120000,50.008565,50.009903,50.009099,50.009565,50.009283,240,3225
2022-11-23 23:56:17.140000,50.008717,50.009439,50.009401,50.009019,50.009144,240,3225
2022-11-23 23:56:17.160000,50.009093,50.008676,50.00917,50.007352,50.00857275,240,3225
2022-11-23 23:56:17.180000,50.01,50.008547,50.00874,50.010023,50.0093275,240,3225
2022-11-23 23:56:17.200000,50.010245,50.008986,50.008964,50.010403,50.009649499999995,240,3225
2022-11-23 23:56:17.220000,50.009501,50.010249,50.009602,50.009152,50.009626000000004,240,3225
2022-11-23 23:56:17.240000,50.009037,50.011296,50.010281,50.010458,50.010267999999996,240,3225
2022-11-23 23:56:17.260000,50.009259,50.010454,50.010562,50.010509,50.01019599999999,240,3225
2022-11-23 23:56:17.280000,50.009537,50.009584,50.010244,50.010588,50.00998824999999,240,3225
2022-11-23 23:56:17.300000,50.009681,50.009662,50.00988,50.009014,50.00955925,240,3225
2022-11-23 23:56:17.320000,50.01012,50.010185,50.010141,50.009185,50.00990775,240,3225
2022-11-23 23:56:17.340000,50.011097,50.010555,50.010608,50.011375,50.01090875,240,3225
2022-11-23 23:56:17.360000,50.011671,50.010643,50.010387,50.009574,50.010568750000004,240,3225
2022-11-23 23:56:17.380000,50.010912,50.010856,50.010124,50.009449,50.01033525,240,3225
2022-11-23 23:56:17.400000,50.009714,50.011111,50.010315,50.01013,50.0103175,240,3225
2022-11-23 23:56:17.420000,50.010176,50.010832,50.010863,50.010139,50.0105025,240,3225
2022-11-23 23:56:17.440000,50.011398,50.010353,50.011621,50.01194,50.011328,240,3225
2022-11-23 23:56:17.460000,50.011634,50.00963,50.011973,50.010726,50.01099075,240,3225
2022-11-23 23:56:17.480000,50.012232,50.009547,50.011291,50.009412,50.0106205,240,3225
2022-11-23 23:56:17.500000,50.012777,50.010041,50.010576,50.011806,50.0113,240,3225
2022-11-23 23:56:17.520000,50.011843,50.010074,50.010528,50.010453,50.010724499999995,240,3225
2022-11-23 23:56:17.540000,50.011504,50.009695,50.01093,50.011496,50.01090625,240,3225
2022-11-23 23:56:17.560000,50.011263,50.009667,50.011115,50.010704,50.01068725,240,3225
2022-11-23 23:56:17.580000,50.010486,50.01069,50.010935,50.011829,50.010985,240,3225
2022-11-23 23:56:17.600000,50.010778,50.01181,50.010473,50.010273,50.010833500000004,240,3225
2022-11-23 23:56:17.620000,50.011963,50.012111,50.010733,50.011227,50.0115085,240,3225
2022-11-23 23:56:17.640000,50.012264,50.012314,50.011158,50.012773,50.012127250000006,240,3225
2022-11-23 23:56:17.660000,50.012023,50.011963,50.011142,50.011273,50.01160025,240,3225
2022-11-23 23:56:17.680000,50.012426,50.011297,50.011283,50.011093,50.01152474999999,240,3225
2022-11-23 23:56:17.700000,50.012185,50.011023,50.011357,50.0125,50.01176625000001,240,3225
2022-11-23 23:56:17.720000,50.01106,50.010551,50.011207,50.01126,50.0110195,240,3225
2022-11-23 23:56:17.740000,50.011413,50.010097,50.011342,50.011407,50.011064749999996,240,3225
2022-11-23 23:56:17.760000,50.012828,50.010055,50.011473,50.011917,50.011568249999996,240,3225
2022-11-23 23:56:17.780000,50.012449,50.010203,50.011479,50.012653,50.011696,240,3225
2022-11-23 23:56:17.800000,50.01075,50.010203,50.011345,50.011732,50.0110075,240,3225
2022-11-23 23:56:17.820000,50.010287,50.010737,50.011141,50.010773,50.0107345,240,3225
2022-11-23 23:56:17.840000,50.011218,50.011213,50.011003,50.010555,50.01099725,240,3225
2022-11-23 23:56:17.860000,50.011338,50.010848,50.010975,50.011639,50.0112,240,3225
2022-11-23 23:56:17.880000,50.01082,50.010731,50.011335,50.012093,50.01124475,240,3225
2022-11-23 23:56:17.900000,50.01162,50.011422,50.011779,50.012361,50.0117955,240,3225
2022-11-23 23:56:17.920000,50.012764,50.011236,50.011917,50.011278,50.01179875,240,3225
2022-11-23 23:56:17.940000,50.011653,50.010847,50.011638,50.010561,50.01117475,240,3225
2022-11-23 23:56:17.960000,50.01051,50.011856,50.011444,50.010689,50.01112475000001,240,3225
2022-11-23 23:56:17.980000,50.01112,50.012403,50.010923,50.010814,50.011315,240,3225
2022-11-23 23:56:18.000000,50.011402,50.011839,50.010617,50.009979,50.01095925,240,3225
2022-11-23 23:56:18.020000,50.010791,50.011064,50.010741,50.011988,50.011146,240,3225
2022-11-23 23:56:18.040000,50.010971,50.010306,50.010884,50.012349,50.0111275,240,3225
2022-11-23 23:56:18.060000,50.01162,50.010351,50.011564,50.011403,50.0112345,240,3225
2022-11-23 23:56:18.080000,50.011533,50.011301,50.012171,50.010691,50.011424000000005,240,3225
2022-11-23 23:56:18.100000,50.01082,50.011755,50.012036,50.010975,50.011396500000004,240,3225
2022-11-23 23:56:18.120000,50.010458,50.010954,50.011796,50.012323,50.01138275,240,3225
2022-11-23 23:56:18.140000,50.011209,50.010194,50.011446,50.010642,50.01087275,240,3225
2022-11-23 23:56:18.160000,50.012403,50.010792,50.011522,50.012444,50.011790250000004,240,3225
2022-11-23 23:56:18.180000,50.011847,50.011675,50.011432,50.011927,50.011720249999996,240,3225
2022-11-23 23:56:18.200000,50.010467,50.012232,50.011204,50.011237,50.011284999999994,240,3225
2022-11-23 23:56:18.220000,50.010842,50.012528,50.011358,50.01184,50.011642,240,3225
2022-11-23 23:56:18.240000,50.012241,50.011982,50.011709,50.011664,50.011899,240,3225
2022-11-23 23:56:18.260000,50.011917,50.010708,50.011852,50.011666,50.01153575,240,3225
2022-11-23 23:56:18.280000,50.010918,50.010778,50.011694,50.012085,50.01136875,240,3225
2022-11-23 23:56:18.300000,50.011663,50.01219,50.011504,50.011951,50.011827000000004,240,3225
2022-11-23 23:56:18.320000,50.013412,50.012597,50.011034,50.012345,50.012347000000005,240,3225
2022-11-23 23:56:18.340000,50.013476,50.01237,50.010772,50.013586,50.012551,240,3225
2022-11-23 23:56:18.360000,50.012172,50.012616,50.011172,50.010419,50.01159475,240,3225
2022-11-23 23:56:18.380000,50.011629,50.012528,50.011372,50.012123,50.011913,240,3225
2022-11-23 23:56:18.400000,50.011811,50.01201,50.011631,50.01152,50.011742999999996,240,3225
2022-11-23 23:56:18.420000,50.011658,50.01213,50.012331,50.012607,50.0121815,240,3225
2022-11-23 23:56:18.440000,50.011676,50.01275,50.013163,50.012943,50.012633,240,3225
2022-11-23 23:56:18.460000,50.012745,50.012028,50.013627,50.01152,50.012480000000004,240,3225
2022-11-23 23:56:18.480000,50.014064,50.010999,50.013624,50.013185,50.012967999999994,240,3225
2022-11-23 23:56:18.500000,50.013237,50.011038,50.013577,50.011804,50.01241399999999,240,3225
2022-11-23 23:56:18.520000,50.010911,50.011148,50.013278,50.011671,50.011752,240,3225
2022-11-23 23:56:18.540000,50.010871,50.011976,50.012835,50.012945,50.01215675,240,3225
2022-11-23 23:56:18.560000,50.01293,50.013967,50.013399,50.013605,50.01347525,240,3225
2022-11-23 23:56:18.580000,50.013982,50.014848,50.013921,50.014565,50.014329000000004,240,3225
2022-11-23 23:56:18.600000,50.01319,50.014032,50.013712,50.013344,50.013569499999996,240,3225
2022-11-23 23:56:18.620000,50.013005,50.013759,50.01358,50.014037,50.01359525,240,3225
2022-11-23 23:56:18.640000,50.013907,50.014542,50.013712,50.013055,50.013804,240,3225
2022-11-23 23:56:18.660000,50.013676,50.014801,50.013731,50.012466,50.013668499999994,240,3225
2022-11-23 23:56:18.680000,50.012436,50.014847,50.01361,50.013197,50.0135225,240,3225
2022-11-23 23:56:18.700000,50.011982,50.014056,50.013735,50.013483,50.013314,240,3225
2022-11-23 23:56:18.720000,50.012787,50.012699,50.013537,50.013885,50.013227,240,3225
2022-11-23 23:56:18.740000,50.013459,50.012625,50.012669,50.013221,50.01299349999999,240,3225
2022-11-23 23:56:18.760000,50.013797,50.013579,50.011994,50.013027,50.01309925,240,3225
2022-11-23 23:56:18.780000,50.014208,50.014245,50.012019,50.01291,50.01334550000001,240,3225
2022-11-23 23:56:18.800000,50.013828,50.014218,50.012246,50.014206,50.0136245,240,3225
2022-11-23 23:56:18.820000,50.013033,50.013648,50.012733,50.014016,50.0133575,240,3225
2022-11-23 23:56:18.840000,50.01312,50.01319,50.013616,50.012752,50.0131695,240,3225
2022-11-23 23:56:18.860000,50.013995,50.01275,50.014186,50.01375,50.013670250000004,240,3225
2022-11-23 23:56:18.880000,50.014411,50.013236,50.01422,50.014881,50.014187,240,3225
2022-11-23 23:56:18.900000,50.014949,50.014115,50.014014,50.013886,50.014241,240,3225
2022-11-23 23:56:18.920000,50.016098,50.014583,50.01409,50.013622,50.01459825,240,3225
2022-11-23 23:56:18.940000,50.015467,50.014463,50.014132,50.01401,50.014517999999995,240,3225
2022-11-23 23:56:18.960000,50.013976,50.013899,50.01368,50.01292,50.01361875,240,3225
2022-11-23 23:56:18.980000,50.013604,50.013351,50.013176,50.013765,50.013474,240,3225
2022-11-23 23:56:19.000000,50.013541,50.013643,50.013232,50.013736,50.013538,240,3225
2022-11-23 23:56:19.020000,50.01348,50.014023,50.013534,50.015709,50.014186499999994,240,3225
2022-11-23 23:56:19.040000,50.013912,50.013847,50.013685,50.013469,50.01372825,240,3225
2022-11-23 23:56:19.060000,50.014732,50.01394,50.013908,50.01373,50.0140775,240,3225
2022-11-23 23:56:19.080000,50.015792,50.013921,50.01421,50.01388,50.01445075,240,3225
2022-11-23 23:56:19.100000,50.015504,50.013995,50.014187,50.014579,50.01456625,240,3225
2022-11-23 23:56:19.120000,50.01368,50.014426,50.014635,50.014466,50.01430175,240,3225
2022-11-23 23:56:19.140000,50.012898,50.014881,50.015393,50.0154,50.01464300000001,240,3225
2022-11-23 23:56:19.160000,50.01418,50.015699,50.015528,50.014597,50.015001000000005,240,3225
2022-11-23 23:56:19.180000,50.015421,50.016218,50.014949,50.014177,50.01519125,240,3225
2022-11-23 23:56:19.200000,50.015602,50.015574,50.014436,50.011358,50.0142425,240,3225
2022-11-23 23:56:19.220000,50.015543,50.014347,50.014655,50.015875,50.015105,240,3225
2022-11-23 23:56:19.240000,50.015569,50.014403,50.015306,50.015258,50.015134,240,3225
2022-11-23 23:56:19.260000,50.015255,50.014352,50.015158,50.017482,50.015561749999996,240,3225
2022-11-23 23:56:19.280000,50.014427,50.013616,50.014361,50.013227,50.01390775,240,3225
2022-11-23 23:56:19.300000,50.014214,50.014052,50.014379,50.01484,50.014371249999996,240,3225
2022-11-23 23:56:19.320000,50.015514,50.014995,50.014961,50.01585,50.01533,240,3225
2022-11-23 23:56:19.340000,50.015763,50.015306,50.014588,50.016106,50.01544075,240,3225
2022-11-23 23:56:19.360000,50.014332,50.015477,50.014231,50.015287,50.01483175,240,3225
2022-11-23 23:56:19.380000,50.013851,50.015505,50.014976,50.014566,50.0147245,240,3225
2022-11-23 23:56:19.400000,50.015237,50.015787,50.015719,50.01596,50.01567575,240,3225
2022-11-23 23:56:19.420000,50.015463,50.016084,50.016055,50.015423,50.015756249999995,240,3225
2022-11-23 23:56:19.440000,50.013922,50.01525,50.015591,50.015421,50.015046,240,3225
2022-11-23 23:56:19.460000,50.013314,50.014069,50.014912,50.013889,50.014046,240,3225
2022-11-23 23:56:19.480000,50.014194,50.013786,50.014917,50.015273,50.014542500000005,240,3225
2022-11-23 23:56:19.500000,50.014482,50.014551,50.015356,50.015428,50.01495425,240,3225
2022-11-23 23:56:19.520000,50.013917,50.01539,50.016103,50.014446,50.014964,240,3225
2022-11-23 23:56:19.540000,50.013699,50.015746,50.016632,50.015541,50.0154045,240,3225
2022-11-23 23:56:19.560000,50.015157,50.015273,50.016366,50.015722,50.0156295,240,3225
2022-11-23 23:56:19.580000,50.016686,50.014703,50.016244,50.016498,50.016032749999994,240,3225
2022-11-23 23:56:19.600000,50.015784,50.015014,50.016173,50.01573,50.01567525,240,3225
2022-11-23 23:56:19.620000,50.014158,50.016033,50.015843,50.014982,50.015254,240,3225
2022-11-23 23:56:19.640000,50.014981,50.016416,50.015744,50.015119,50.015565,240,3225
2022-11-23 23:56:19.660000,50.016583,50.015282,50.01601,50.015701,50.015894,240,3225
2022-11-23 23:56:19.680000,50.016166,50.014232,50.015678,50.015843,50.01547975,240,3225
2022-11-23 23:56:19.700000,50.015404,50.014102,50.015396,50.015562,50.015116000000006,240,3225
2022-11-23 23:56:19.720000,50.01594,50.014695,50.015602,50.01553,50.01544175000001,240,3225
2022-11-23 23:56:19.740000,50.016079,50.015598,50.015814,50.015841,50.015833,240,3225
2022-11-23 23:56:19.760000,50.015546,50.016314,50.015887,50.015294,50.01576025,240,3225
2022-11-23 23:56:19.780000,50.015523,50.015792,50.015943,50.016381,50.01590975,240,3225
2022-11-23 23:56:19.800000,50.015343,50.014495,50.015943,50.016249,50.0155075,240,3225
2022-11-23 23:56:19.820000,50.015837,50.014324,50.015943,50.016514,50.0156545,240,3225
2022-11-23 23:56:19.840000,50.016528,50.014875,50.01608,50.016114,50.015899250000004,240,3225
2022-11-23 23:56:19.860000,50.016037,50.015231,50.016063,50.016137,50.015867,240,3225
2022-11-23 23:56:19.880000,50.015922,50.015834,50.016255,50.015831,50.0159605,240,3225
2022-11-23 23:56:19.900000,50.016709,50.016583,50.016211,50.015567,50.0162675,240,3225
2022-11-23 23:56:19.920000,50.016847,50.016453,50.015897,50.015974,50.01629275,240,3225
2022-11-23 23:56:19.940000,50.016426,50.015542,50.016321,50.016236,50.01613125,240,3225
2022-11-23 23:56:19.960000,50.016144,50.014944,50.016696,50.016783,50.01614175,240,3225
2022-11-23 23:56:19.980000,50.016518,50.01514,50.01586,50.015724,50.0158105,240,3225
2022-11-23 23:56:20.000000,50.01681,50.015629,50.01489,50.014973,50.0155755,240,3225
2022-11-23 23:56:20.020000,50.016282,50.015412,50.014614,50.014331,50.015159749999995,240,3225
2022-11-23 23:56:20.040000,50.01594,50.014399,50.01488,50.015798,50.01525425,240,3225
2022-11-23 23:56:20.060000,50.016671,50.013621,50.015227,50.016142,50.015415250000004,240,3225
2022-11-23 23:56:20.080000,50.017394,50.014533,50.01572,50.014997,50.015660999999994,240,3225
2022-11-23 23:56:20.100000,50.01681,50.01631,50.016715,50.016096,50.01648275,240,3225
2022-11-23 23:56:20.120000,50.016403,50.016662,50.01713,50.017383,50.0168945,240,3225
2022-11-23 23:56:20.140000,50.017398,50.016463,50.016539,50.01653,50.0167325,240,3225
2022-11-23 23:56:20.160000,50.017963,50.016815,50.015692,50.01625,50.01668000000001,240,3225
2022-11-23 23:56:20.180000,50.01688,50.016185,50.015264,50.015805,50.0160335,240,3225
2022-11-23 23:56:20.200000,50.016184,50.015185,50.01566,50.015284,50.015578250000004,240,3225
2022-11-23 23:56:20.220000,50.016162,50.015009,50.015619,50.015825,50.01565375,240,3225
2022-11-23 23:56:20.240000,50.01631,50.015537,50.015036,50.014189,50.015268000000006,240,3225
2022-11-23 23:56:20.260000,50.016501,50.015866,50.014931,50.016673,50.015992749999995,240,3225
2022-11-23 23:56:20.280000,50.0165,50.015301,50.01534,50.015129,50.0155675,240,3225
2022-11-23 23:56:20.300000,50.016787,50.014564,50.015984,50.016644,50.015994750000004,240,3225
2022-11-23 23:56:20.320000,50.016833,50.015162,50.016018,50.017116,50.01628225,240,3225
2022-11-23 23:56:20.340000,50.016083,50.017599,50.015733,50.014576,50.015997750000004,240,3225
2022-11-23 23:56:20.360000,50.015598,50.018741,50.01587,50.017499,50.016926999999995,240,3225
2022-11-23 23:56:20.380000,50.015898,50.016746,50.015751,50.016037,50.016108,240,3225
2022-11-23 23:56:20.400000,50.016537,50.014935,50.015762,50.016168,50.0158505,240,3225
2022-11-23 23:56:20.420000,50.01663,50.014611,50.016006,50.01847,50.01642925,240,3225
2022-11-23 23:56:20.440000,50.015857,50.014718,50.015561,50.014735,50.01521775,240,3225
2022-11-23 23:56:20.460000,50.015323,50.015296,50.014762,50.016091,50.015367999999995,240,3225
2022-11-23 23:56:20.480000,50.015329,50.015981,50.014675,50.013901,50.014971499999994,240,3225
2022-11-23 23:56:20.500000,50.015552,50.0163,50.015297,50.016137,50.0158215,240,3225
2022-11-23 23:56:20.520000,50.015699,50.015833,50.016258,50.015698,50.015872,240,3225
2022-11-23 23:56:20.540000,50.015846,50.015014,50.017456,50.015129,50.01586125,240,3225
2022-11-23 23:56:20.560000,50.016278,50.015153,50.017644,50.017088,50.01654075,240,3225
2022-11-23 23:56:20.580000,50.016259,50.016556,50.016855,50.015006,50.016169,240,3225
2022-11-23 23:56:20.600000,50.014963,50.017778,50.016352,50.016354,50.01636175,240,3225
2022-11-23 23:56:20.620000,50.014579,50.017736,50.016225,50.016253,50.01619825,240,3225
2022-11-23 23:56:20.640000,50.015472,50.016592,50.016487,50.017117,50.016417000000004,240,3225
2022-11-23 23:56:20.660000,50.015633,50.015583,50.01646,50.015971,50.01591175,240,3225
2022-11-23 23:56:20.680000,50.015129,50.016171,50.016119,50.016364,50.01594575,240,3225
2022-11-23 23:56:20.700000,50.015403,50.017338,50.015977,50.016948,50.016416500000005,240,3225
2022-11-23 23:56:20.720000,50.016653,50.01781,50.016538,50.015416,50.01660425,240,3225
2022-11-23 23:56:20.740000,50.017051,50.01714,50.016879,50.018334,50.017351,240,3225
2022-11-23 23:56:20.760000,50.015477,50.01575,50.016716,50.014983,50.0157315,240,3225
2022-11-23 23:56:20.780000,50.014406,50.014656,50.016622,50.015279,50.01524075,240,3225
2022-11-23 23:56:20.800000,50.014754,50.014816,50.01664,50.016974,50.015796,240,3225
2022-11-23 23:56:20.820000,50.015676,50.015783,50.016304,50.018057,50.016455,240,3225
2022-11-23 23:56:20.840000,50.016163,50.016783,50.015689,50.015688,50.01608075,240,3225
2022-11-23 23:56:20.860000,50.016046,50.017204,50.015315,50.016122,50.01617175,240,3225
2022-11-23 23:56:20.880000,50.016611,50.01748,50.015638,50.017341,50.0167675,240,3225
2022-11-23 23:56:20.900000,50.017451,50.017852,50.016221,50.016656,50.017044999999996,240,3225
2022-11-23 23:56:20.920000,50.017543,50.018023,50.017032,50.016101,50.017174749999995,240,3225
2022-11-23 23:56:20.940000,50.016259,50.018115,50.017861,50.017532,50.01744175,240,3225
2022-11-23 23:56:20.960000,50.016074,50.017996,50.017845,50.017791,50.0174265,240,3225
2022-11-23 23:56:20.980000,50.017783,50.017399,50.017397,50.01638,50.017239749999995,240,3225
2022-11-23 23:56:21.000000,50.018111,50.016755,50.017471,50.01609,50.017106749999996,240,3225
2022-11-23 23:56:21.020000,50.017032,50.016708,50.017631,50.016799,50.017042499999995,240,3225
2022-11-23 23:56:21.040000,50.01699,50.016847,50.017218,50.01669,50.01693625,240,3225
2022-11-23 23:56:21.060000,50.017468,50.01731,50.017082,50.016101,50.01699025,240,3225
2022-11-23 23:56:21.080000,50.016709,50.018617,50.017255,50.018624,50.017801250000005,240,3225
2022-11-23 23:56:21.100000,50.016495,50.01887,50.017566,50.017607,50.0176345,240,3225
2022-11-23 23:56:21.120000,50.018185,50.017518,50.018038,50.01764,50.01784525,240,3225
2022-11-23 23:56:21.140000,50.01925,50.016555,50.018362,50.017638,50.01795125,240,3225
2022-11-23 23:56:21.160000,50.01863,50.016908,50.018671,50.017919,50.018032000000005,240,3225
2022-11-23 23:56:21.180000,50.017671,50.018357,50.018531,50.016824,50.017845750000006,240,3225
2022-11-23 23:56:21.200000,50.017879,50.020097,50.018284,50.018354,50.0186535,240,3225
2022-11-23 23:56:21.220000,50.018481,50.02031,50.018434,50.018854,50.019019750000005,240,3225
2022-11-23 23:56:21.240000,50.018773,50.019533,50.018261,50.018367,50.018733499999996,240,3225
2022-11-23 23:56:21.260000,50.019089,50.01894,50.017727,50.018713,50.01861725,240,3225
2022-11-23 23:56:21.280000,50.019074,50.018995,50.017616,50.01848,50.01854125,240,3225
2022-11-23 23:56:21.300000,50.018138,50.019801,50.01771,50.01694,50.01814725,240,3225
2022-11-23 23:56:21.320000,50.018089,50.020709,50.018159,50.018636,50.01889825000001,240,3225
2022-11-23 23:56:21.340000,50.019575,50.020477,50.018939,50.019166,50.019539249999994,240,3225
2022-11-23 23:56:21.360000,50.019972,50.018837,50.019459,50.019132,50.01935,240,3225
2022-11-23 23:56:21.380000,50.019065,50.017578,50.019487,50.019175,50.01882625,240,3225
2022-11-23 23:56:21.400000,50.018907,50.018131,50.018969,50.01947,50.018869249999995,240,3225
2022-11-23 23:56:21.420000,50.019717,50.01937,50.017847,50.01957,50.019126,240,3225
2022-11-23 23:56:21.440000,50.01969,50.019939,50.017631,50.018729,50.01899725,240,3225
2022-11-23 23:56:21.460000,50.018717,50.018949,50.018064,50.01889,50.018655,240,3225
2022-11-23 23:56:21.480000,50.018435,50.017648,50.018167,50.019031,50.01832025,240,3225
2022-11-23 23:56:21.500000,50.019107,50.017931,50.01845,50.018698,50.0185465,240,3225
2022-11-23 23:56:21.520000,50.019088,50.018792,50.019116,50.019935,50.01923275,240,3225
2022-11-23 23:56:21.540000,50.018925,50.01913,50.019713,50.020115,50.01947075,240,3225
2022-11-23 23:56:21.560000,50.019385,50.019689,50.020331,50.019723,50.019782,240,3225
2022-11-23 23:56:21.580000,50.019759,50.02025,50.020347,50.018904,50.019815,240,3225
2022-11-23 23:56:21.600000,50.019852,50.020074,50.020646,50.019601,50.02004325,240,3225
2022-11-23 23:56:21.620000,50.020023,50.019815,50.021284,50.020388,50.0203775,240,3225
2022-11-23 23:56:21.640000,50.020616,50.019856,50.020922,50.020704,50.0205245,240,3225
2022-11-23 23:56:21.660000,50.021309,50.020639,50.020606,50.021672,50.0210565,240,3225
2022-11-23 23:56:21.680000,50.021638,50.022019,50.020599,50.021129,50.02134625,240,3225
2022-11-23 23:56:21.700000,50.020972,50.022616,50.020516,50.020953,50.021264249999994,240,3225
2022-11-23 23:56:21.720000,50.020598,50.02144,50.020608,50.021649,50.02107375,240,3225
2022-11-23 23:56:21.740000,50.02119,50.019963,50.020534,50.021963,50.0209125,240,3225
2022-11-23 23:56:21.760000,50.02106,50.019394,50.020462,50.019421,50.02008425,240,3225
2022-11-23 23:56:21.780000,50.020398,50.020005,50.020701,50.021694,50.0206995,240,3225
2022-11-23 23:56:21.800000,50.020412,50.021176,50.020899,50.020834,50.020830249999996,240,3225
2022-11-23 23:56:21.820000,50.021,50.02169,50.020998,50.021782,50.0213675,240,3225
2022-11-23 23:56:21.840000,50.021569,50.020948,50.021089,50.02156,50.0212915,240,3225
2022-11-23 23:56:21.860000,50.021575,50.020883,50.021133,50.021791,50.0213455,240,3225
2022-11-23 23:56:21.880000,50.021097,50.02218,50.021569,50.020842,50.021422,240,3225
2022-11-23 23:56:21.900000,50.020523,50.022931,50.022241,50.023056,50.02218775,240,3225
2022-11-23 23:56:21.920000,50.021014,50.022963,50.022499,50.022634,50.0222775,240,3225
2022-11-23 23:56:21.940000,50.02194,50.023157,50.022898,50.022902,50.022724249999996,240,3225
2022-11-23 23:56:21.960000,50.022332,50.02306,50.023473,50.023218,50.02302075,240,3225
2022-11-23 23:56:21.980000,50.023286,50.022144,50.023691,50.023037,50.023039499999996,240,3225
2022-11-23 23:56:22.000000,50.023055,50.021509,50.023407,50.022352,50.02258075,240,3225
2022-11-23 23:56:22.020000,50.021388,50.021958,50.022803,50.022671,50.022205,240,3225
2022-11-23 23:56:22.040000,50.021649,50.022842,50.022459,50.022472,50.022355499999996,240,3225
2022-11-23 23:56:22.060000,50.022816,50.022797,50.022621,50.023769,50.02300075000001,240,3225
2022-11-23 23:56:22.080000,50.022518,50.022578,50.023151,50.023042,50.02282225,240,3225
2022-11-23 23:56:22.100000,50.023152,50.023052,50.02367,50.024036,50.0234775,240,3225
2022-11-23 23:56:22.120000,50.025004,50.02369,50.024009,50.023732,50.02410875,240,3225
2022-11-23 23:56:22.140000,50.025736,50.024346,50.024283,50.023746,50.024527750000004,240,3225
2022-11-23 23:56:22.160000,50.025615,50.024801,50.024602,50.023356,50.0245935,240,3225
2022-11-23 23:56:22.180000,50.024788,50.024477,50.025178,50.02499,50.024858249999994,240,3225
2022-11-23 23:56:22.200000,50.023945,50.023671,50.025564,50.024704,50.024471000000005,240,3225
2022-11-23 23:56:22.220000,50.024737,50.023579,50.025496,50.024041,50.02446325,240,3225
2022-11-23 23:56:22.240000,50.025996,50.0242,50.025354,50.025445,50.025248749999996,240,3225
2022-11-23 23:56:22.260000,50.025769,50.025148,50.025166,50.024162,50.02506124999999,240,3225
2022-11-23 23:56:22.280000,50.025394,50.025958,50.02516,50.025139,50.02541275,240,3225
2022-11-23 23:56:22.300000,50.025389,50.026143,50.024799,50.024148,50.025119749999995,240,3225
2022-11-23 23:56:22.320000,50.025282,50.025393,50.024624,50.024185,50.024871000000005,240,3225
2022-11-23 23:56:22.340000,50.025185,50.02475,50.025074,50.025954,50.025240749999995,240,3225
2022-11-23 23:56:22.360000,50.025565,50.024787,50.025407,50.024606,50.02509125,240,3225
2022-11-23 23:56:22.380000,50.026481,50.025305,50.025443,50.025815,50.025760999999996,240,3225
2022-11-23 23:56:22.400000,50.027107,50.026065,50.02538,50.025292,50.025961,240,3225
2022-11-23 23:56:22.420000,50.02712,50.025741,50.025482,50.026222,50.026141249999995,240,3225
2022-11-23 23:56:22.440000,50.02657,50.024704,50.025572,50.025023,50.02546725,240,3225
2022-11-23 23:56:22.460000,50.026172,50.024283,50.02504,50.025847,50.0253355,240,3225
2022-11-23 23:56:22.480000,50.026504,50.025111,50.024965,50.025106,50.0254215,240,3225
2022-11-23 23:56:22.500000,50.026065,50.026106,50.02562,50.02707,50.02621525,240,3225
2022-11-23 23:56:22.520000,50.025467,50.026287,50.026179,50.026394,50.02608175,240,3225
2022-11-23 23:56:22.540000,50.026357,50.026204,50.026193,50.026152,50.0262265,240,3225
2022-11-23 23:56:22.560000,50.027268,50.026027,50.026232,50.026907,50.026608499999995,240,3225
2022-11-23 23:56:22.580000,50.026592,50.026019,50.02638,50.025421,50.026103,240,3225
2022-11-23 23:56:22.600000,50.025148,50.026223,50.02656,50.025991,50.0259805,240,3225
2022-11-23 23:56:22.620000,50.024523,50.026371,50.026431,50.0265,50.02595625,240,3225
2022-11-23 23:56:22.640000,50.025889,50.027264,50.026154,50.027227,50.0266335,240,3225
2022-11-23 23:56:22.660000,50.027588,50.028115,50.026008,50.027384,50.02727374999999,240,3225
2022-11-23 23:56:22.680000,50.027288,50.02763,50.026796,50.02737,50.027271,240,3225
2022-11-23 23:56:22.700000,50.026713,50.026292,50.027344,50.027491,50.02696,240,3225
2022-11-23 23:56:22.720000,50.027463,50.025962,50.027488,50.026361,50.026818500000005,240,3225
2022-11-23 23:56:22.740000,50.027754,50.026962,50.027232,50.027218,50.027291500000004,240,3225
2022-11-23 23:56:22.760000,50.026713,50.027898,50.026542,50.027107,50.027065,240,3225
2022-11-23 23:56:22.780000,50.026722,50.027926,50.026382,50.026981,50.02700275,240,3225
2022-11-23 23:56:22.800000,50.027606,50.027731,50.027141,50.028435,50.02772825,240,3225
2022-11-23 23:56:22.820000,50.027811,50.028032,50.027976,50.027962,50.02794525,240,3225
2022-11-23 23:56:22.840000,50.027551,50.028769,50.0285,50.028251,50.02826775,240,3225
2022-11-23 23:56:22.860000,50.027125,50.028403,50.028918,50.029185,50.02840775,240,3225
2022-11-23 23:56:22.880000,50.026962,50.027741,50.028544,50.028362,50.02790225,240,3225
2022-11-23 23:56:22.900000,50.02738,50.027977,50.027791,50.027204,50.027587999999994,240,3225
2022-11-23 23:56:22.920000,50.027899,50.028088,50.027666,50.029416,50.02826725,240,3225
2022-11-23 23:56:22.940000,50.028125,50.027842,50.028134,50.028495,50.028149,240,3225
2022-11-23 23:56:22.960000,50.028907,50.028491,50.028771,50.029135,50.028826,240,3225
2022-11-23 23:56:22.980000,50.028722,50.029783,50.029033,50.029175,50.02917825,240,3225
2022-11-23 23:56:23.000000,50.027056,50.030537,50.029225,50.028343,50.02879025,240,3225
2022-11-23 23:56:23.020000,50.026685,50.030372,50.029226,50.029425,50.028927,240,3225
2022-11-23 23:56:23.040000,50.027778,50.029356,50.029044,50.027982,50.02854,240,3225
2022-11-23 23:56:23.060000,50.028662,50.028472,50.028893,50.029445,50.028868,240,3225
2022-11-23 23:56:23.080000,50.029222,50.029268,50.028816,50.029268,50.0291435,240,3225
2022-11-23 23:56:23.100000,50.029371,50.030746,50.029594,50.029472,50.02979575,240,3225
2022-11-23 23:56:23.120000,50.029616,50.031041,50.030589,50.029843,50.030272249999996,240,3225
2022-11-23 23:56:23.140000,50.030648,50.030944,50.030927,50.03038,50.03072475,240,3225
2022-11-23 23:56:23.160000,50.031556,50.031032,50.031463,50.031,50.03126275,240,3225
2022-11-23 23:56:23.180000,50.031148,50.030519,50.031407,50.030713,50.03094675,240,3225
2022-11-23 23:56:23.200000,50.030194,50.029858,50.030851,50.026833,50.029434,240,3225
2022-11-23 23:56:23.220000,50.030547,50.030505,50.030751,50.031121,50.030731,240,3225
2022-11-23 23:56:23.240000,50.031486,50.031351,50.031165,50.031037,50.03125975,240,3225
2022-11-23 23:56:23.260000,50.031717,50.030962,50.03154,50.033255,50.0318685,240,3225
2022-11-23 23:56:23.280000,50.031318,50.030236,50.031609,50.030514,50.03091925,240,3225
2022-11-23 23:56:23.300000,50.031865,50.030403,50.031154,50.031148,50.0311425,240,3225
2022-11-23 23:56:23.320000,50.032959,50.031222,50.031171,50.031944,50.031824,240,3225
2022-11-23 23:56:23.340000,50.032755,50.031759,50.031445,50.032871,50.0322075,240,3225
2022-11-23 23:56:23.360000,50.031908,50.031848,50.031571,50.031176,50.03162575,240,3225
2022-11-23 23:56:23.380000,50.032717,50.032126,50.032081,50.031074,50.0319995,240,3225
2022-11-23 23:56:23.400000,50.034199,50.032589,50.032851,50.032259,50.0329745,240,3225
2022-11-23 23:56:23.420000,50.033866,50.032301,50.033138,50.031732,50.032759250000005,240,3225
2022-11-23 23:56:23.440000,50.032949,50.031916,50.033455,50.033047,50.03284175,240,3225
2022-11-23 23:56:23.460000,50.033792,50.032893,50.034015,50.033,50.03342500000001,240,3225
2022-11-23 23:56:23.480000,50.034492,50.033865,50.033826,50.033889,50.034018,240,3225
2022-11-23 23:56:23.500000,50.034101,50.032995,50.0334,50.033194,50.0334225,240,3225
2022-11-23 23:56:23.520000,50.033658,50.031347,50.032313,50.033176,50.0326235,240,3225
2022-11-23 23:56:23.540000,50.034284,50.030981,50.031368,50.032306,50.03223475,240,3225
2022-11-23 23:56:23.560000,50.03464,50.031654,50.031348,50.033111,50.03268825,240,3225
2022-11-23 23:56:23.580000,50.03381,50.032505,50.032271,50.0325,50.0327715,240,3225
2022-11-23 23:56:23.600000,50.032801,50.033417,50.032979,50.035092,50.03357225,240,3225
2022-11-23 23:56:23.620000,50.033366,50.033991,50.033463,50.033213,50.03350825,240,3225
2022-11-23 23:56:23.640000,50.03474,50.03355,50.034266,50.034694,50.0343125,240,3225
2022-11-23 23:56:23.660000,50.034972,50.032083,50.034961,50.034667,50.03417075,240,3225
2022-11-23 23:56:23.680000,50.034018,50.03199,50.034734,50.032963,50.033426250000005,240,3225
2022-11-23 23:56:23.700000,50.03331,50.033741,50.033394,50.032825,50.033317499999995,240,3225
2022-11-23 23:56:23.720000,50.033477,50.03443,50.032393,50.035574,50.0339685,240,3225
2022-11-23 23:56:23.740000,50.033996,50.033547,50.033721,50.033862,50.0337815,240,3225
2022-11-23 23:56:23.760000,50.034407,50.032941,50.03606,50.034722,50.0345325,240,3225
2022-11-23 23:56:23.780000,50.034092,50.03356,50.036519,50.034361,50.034633,240,3225
2022-11-23 23:56:23.800000,50.03288,50.034466,50.0357,50.034704,50.0344375,240,3225
2022-11-23 23:56:23.820000,50.032699,50.034874,50.035043,50.033677,50.034073250000006,240,3225
2022-11-23 23:56:23.840000,50.033254,50.034917,50.034697,50.03287,50.0339345,240,3225
2022-11-23 23:56:23.860000,50.033074,50.034199,50.034023,50.034704,50.034,240,3225
2022-11-23 23:56:23.880000,50.033463,50.033486,50.033305,50.034093,50.03358675,240,3225
2022-11-23 23:56:23.900000,50.035,50.033435,50.033303,50.035009,50.034186749999996,240,3225
2022-11-23 23:56:23.920000,50.035292,50.034589,50.033684,50.035833,50.0348495,240,3225
2022-11-23 23:56:23.940000,50.033662,50.035949,50.03377,50.033084,50.034116250000004,240,3225
2022-11-23 23:56:23.960000,50.032532,50.036018,50.033759,50.036259,50.034642,240,3225
2022-11-23 23:56:23.980000,50.032944,50.035181,50.033842,50.035444,50.03435275,240,3225
2022-11-23 23:56:24.000000,50.033199,50.034625,50.034189,50.033889,50.0339755,240,3225
2022-11-23 23:56:24.020000,50.033431,50.034717,50.034337,50.03413,50.03415375,240,3225
2022-11-23 23:56:24.040000,50.034514,50.034037,50.034004,50.035148,50.03442575,240,3225
2022-11-23 23:56:24.060000,50.035436,50.033204,50.033921,50.03263,50.03379774999999,240,3225
2022-11-23 23:56:24.080000,50.035482,50.034043,50.034188,50.035444,50.03478925,240,3225
2022-11-23 23:56:24.100000,50.034319,50.034435,50.034358,50.034593,50.03442625,240,3225
2022-11-23 23:56:24.120000,50.033305,50.033505,50.034579,50.034389,50.033944500000004,240,3225
2022-11-23 23:56:24.140000,50.034116,50.033486,50.034788,50.034092,50.0341205,240,3225
2022-11-23 23:56:24.160000,50.035046,50.035051,50.035174,50.035417,50.035172,240,3225
2022-11-23 23:56:24.180000,50.034871,50.036759,50.03525,50.03438,50.035315,240,3225
2022-11-23 23:56:24.200000,50.035,50.037374,50.035162,50.035444,50.03574499999999,240,3225
2022-11-23 23:56:24.220000,50.035847,50.037222,50.035523,50.034491,50.03577075,240,3225
2022-11-23 23:56:24.240000,50.036142,50.036912,50.035896,50.037139,50.03652225,240,3225
2022-11-23 23:56:24.260000,50.035117,50.036242,50.035677,50.034324,50.03534,240,3225
2022-11-23 23:56:24.280000,50.033815,50.03607,50.035706,50.035019,50.0351525,240,3225
2022-11-23 23:56:24.300000,50.034095,50.036398,50.035656,50.035815,50.03549100000001,240,3225
2022-11-23 23:56:24.320000,50.035951,50.036546,50.035702,50.035537,50.035934000000005,240,3225
2022-11-23 23:56:24.340000,50.03686,50.036083,50.03597,50.036009,50.0362305,240,3225
2022-11-23 23:56:24.360000,50.036596,50.035486,50.036235,50.035824,50.03603525,240,3225
2022-11-23 23:56:24.380000,50.036874,50.035301,50.036488,50.034055,50.03567949999999,240,3225
2022-11-23 23:56:24.400000,50.037026,50.035722,50.036475,50.034713,50.035984,240,3225
2022-11-23 23:56:24.420000,50.036285,50.036092,50.036516,50.036491,50.036345999999995,240,3225
2022-11-23 23:56:24.440000,50.035636,50.036046,50.036677,50.036149,50.036127,240,3225
2022-11-23 23:56:24.460000,50.036526,50.03569,50.0369,50.036426,50.0363855,240,3225
2022-11-23 23:56:24.480000,50.037277,50.035102,50.036928,50.036481,50.036447,240,3225
2022-11-23 23:56:24.500000,50.037203,50.035111,50.036615,50.035436,50.03609125,240,3225
2022-11-23 23:56:24.520000,50.036789,50.036102,50.036244,50.036796,50.036482750000005,240,3225
2022-11-23 23:56:24.540000,50.036177,50.037148,50.036141,50.037092,50.0366395,240,3225
2022-11-23 23:56:24.560000,50.03601,50.037028,50.036671,50.037231,50.036735,240,3225
2022-11-23 23:56:24.580000,50.035968,50.036588,50.03731,50.037713,50.036894749999995,240,3225
2022-11-23 23:56:24.600000,50.03559,50.036838,50.037668,50.037079,50.03679375,240,3225
2022-11-23 23:56:24.620000,50.036502,50.037166,50.03742,50.037533,50.03715525,240,3225
2022-11-23 23:56:24.640000,50.037987,50.037056,50.036784,50.035723,50.0368875,240,3225
2022-11-23 23:56:24.660000,50.038442,50.037153,50.0371,50.03737,50.03751625,240,3225
2022-11-23 23:56:24.680000,50.038163,50.037917,50.037937,50.036602,50.03765475,240,3225
2022-11-23 23:56:24.700000,50.038195,50.037963,50.038375,50.038397,50.0382325,240,3225
2022-11-23 23:56:24.720000,50.038577,50.036995,50.038251,50.038491,50.0380785,240,3225
2022-11-23 23:56:24.740000,50.038979,50.03731,50.038086,50.037158,50.03788325,240,3225
2022-11-23 23:56:24.760000,50.038901,50.038647,50.03806,50.038648,50.038564,240,3225
2022-11-23 23:56:24.780000,50.037868,50.03882,50.037551,50.037787,50.0380065,240,3225
2022-11-23 23:56:24.800000,50.037263,50.039078,50.037394,50.037093,50.037707000000005,240,3225
2022-11-23 23:56:24.820000,50.038042,50.039662,50.037787,50.038611,50.0385255,240,3225
2022-11-23 23:56:24.840000,50.038722,50.039375,50.03803,50.038463,50.0386475,240,3225
2022-11-23 23:56:24.860000,50.038526,50.038524,50.038001,50.038268,50.03832975,240,3225
2022-11-23 23:56:24.880000,50.038577,50.038463,50.037818,50.03987,50.038682,240,3225
2022-11-23 23:56:24.900000,50.038532,50.038847,50.038026,50.037527,50.038233000000005,240,3225
2022-11-23 23:56:24.920000,50.038523,50.038736,50.038395,50.03851,50.038541,240,3225
2022-11-23 23:56:24.940000,50.038819,50.038148,50.038656,50.039935,50.038889499999996,240,3225
2022-11-23 23:56:24.960000,50.039175,50.037995,50.038682,50.039065,50.038729249999996,240,3225
2022-11-23 23:56:24.980000,50.039069,50.038945,50.038699,50.038602,50.03882875,240,3225
2022-11-23 23:56:25.000000,50.038243,50.039903,50.038874,50.039537,50.03913925,240,3225
2022-11-23 23:56:25.020000,50.037981,50.039847,50.038596,50.039064,50.038872,240,3225
2022-11-23 23:56:25.040000,50.038731,50.039542,50.038436,50.038796,50.038876249999994,240,3225
2022-11-23 23:56:25.060000,50.039336,50.039297,50.038321,50.03812,50.038768499999996,240,3225
2022-11-23 23:56:25.080000,50.039127,50.039389,50.038824,50.038658,50.0389995,240,3225
2022-11-23 23:56:25.100000,50.038732,50.039583,50.039523,50.040537,50.03959375,240,3225
2022-11-23 23:56:25.120000,50.039324,50.039597,50.039396,50.03888,50.039299250000006,240,3225
2022-11-23 23:56:25.140000,50.039382,50.040013,50.038464,50.040481,50.039585,240,3225
2022-11-23 23:56:25.160000,50.038886,50.041181,50.037793,50.040194,50.0395135,240,3225
2022-11-23 23:56:25.180000,50.03956,50.041143,50.038728,50.039611,50.0397605,240,3225
2022-11-23 23:56:25.200000,50.040653,50.039381,50.039943,50.040176,50.04003825,240,3225
2022-11-23 23:56:25.220000,50.040502,50.039004,50.04025,50.039843,50.03989975,240,3225
2022-11-23 23:56:25.240000,50.03964,50.040328,50.04039,50.039148,50.039876500000005,240,3225
2022-11-23 23:56:25.260000,50.039676,50.040685,50.040383,50.041648,50.040598,240,3225
2022-11-23 23:56:25.280000,50.040278,50.039875,50.040313,50.039778,50.040060999999994,240,3225
2022-11-23 23:56:25.300000,50.040764,50.039453,50.04048,50.039704,50.04010025,240,3225
2022-11-23 23:56:25.320000,50.040742,50.039505,50.041135,50.040306,50.04042199999999,240,3225
2022-11-23 23:56:25.340000,50.041243,50.040569,50.041476,50.041388,50.041169,240,3225
2022-11-23 23:56:25.360000,50.041823,50.041584,50.041779,50.041352,50.0416345,240,3225
2022-11-23 23:56:25.380000,50.041411,50.041927,50.042216,50.040139,50.04142325,240,3225
2022-11-23 23:56:25.400000,50.040783,50.042084,50.041872,50.042056,50.041698749999995,240,3225
2022-11-23 23:56:25.420000,50.041212,50.04181,50.041216,50.041703,50.041485249999994,240,3225
2022-11-23 23:56:25.440000,50.041956,50.04068,50.041123,50.041972,50.04143275,240,3225
2022-11-23 23:56:25.460000,50.042184,50.040023,50.041161,50.040685,50.04101325,240,3225
2022-11-23 23:56:25.480000,50.042443,50.040856,50.041678,50.039796,50.04119325,240,3225
2022-11-23 23:56:25.500000,50.042174,50.042305,50.042189,50.04138,50.042012,240,3225
2022-11-23 23:56:25.520000,50.040406,50.043018,50.042387,50.041445,50.041814,240,3225
2022-11-23 23:56:25.540000,50.04005,50.043139,50.04217,50.041491,50.0417125,240,3225
2022-11-23 23:56:25.560000,50.041219,50.042413,50.041663,50.041972,50.041816749999995,240,3225
2022-11-23 23:56:25.580000,50.041522,50.041565,50.04169,50.042481,50.0418145,240,3225
2022-11-23 23:56:25.600000,50.041297,50.041967,50.041967,50.041425,50.041664,240,3225
2022-11-23 23:56:25.620000,50.041541,50.042667,50.04211,50.040389,50.04167675,240,3225
2022-11-23 23:56:25.640000,50.041917,50.042268,50.041837,50.04126,50.04182049999999,240,3225
2022-11-23 23:56:25.660000,50.041437,50.041408,50.041811,50.043222,50.04196949999999,240,3225
2022-11-23 23:56:25.680000,50.04106,50.040977,50.04224,50.04218,50.04161425,240,3225
2022-11-23 23:56:25.700000,50.041408,50.041176,50.042767,50.041542,50.04172325,240,3225
2022-11-23 23:56:25.720000,50.042467,50.042166,50.043357,50.042529,50.04262975,240,3225
2022-11-23 23:56:25.740000,50.043116,50.04381,50.043517,50.043212,50.04341375,240,3225
2022-11-23 23:56:25.760000,50.042806,50.044792,50.042866,50.042222,50.0431715,240,3225
2022-11-23 23:56:25.780000,50.042672,50.043819,50.042808,50.042574,50.04296825,240,3225
2022-11-23 23:56:25.800000,50.042597,50.042528,50.042792,50.042676,50.04264825,240,3225
2022-11-23 23:56:25.820000,50.041912,50.042926,50.042658,50.042602,50.0425245,240,3225
2022-11-23 23:56:25.840000,50.04219,50.043824,50.042612,50.043926,50.043138,240,3225
2022-11-23 23:56:25.860000,50.042926,50.043453,50.042087,50.04376,50.0430565,240,3225
2022-11-23 23:56:25.880000,50.043096,50.043255,50.041839,50.042083,50.04256825,240,3225
2022-11-23 23:56:25.900000,50.043416,50.043958,50.042457,50.043343,50.043293500000004,240,3225
2022-11-23 23:56:25.920000,50.04392,50.043875,50.042868,50.042778,50.04336025,240,3225
2022-11-23 23:56:25.940000,50.042935,50.043278,50.042515,50.043537,50.043066249999995,240,3225
2022-11-23 23:56:25.960000,50.042255,50.043676,50.0428,50.043269,50.043,240,3225
2022-11-23 23:56:25.980000,50.043203,50.044486,50.043578,50.044018,50.04382124999999,240,3225
2022-11-23 23:56:26.000000,50.043379,50.044197,50.043443,50.044232,50.04381275,240,3225
2022-11-23 23:56:26.020000,50.042764,50.043295,50.043424,50.042981,50.043116,240,3225
2022-11-23 23:56:26.040000,50.043866,50.043013,50.044052,50.044602,50.04388325,240,3225
2022-11-23 23:56:26.060000,50.045741,50.043783,50.044653,50.045649,50.0449565,240,3225
2022-11-23 23:56:26.080000,50.045583,50.045253,50.045137,50.044185,50.045039499999994,240,3225
2022-11-23 23:56:26.100000,50.044778,50.045753,50.045048,50.045,50.045144750000006,240,3225
2022-11-23 23:56:26.120000,50.04506,50.045669,50.044586,50.045232,50.04513675,240,3225
2022-11-23 23:56:26.140000,50.045871,50.045845,50.044555,50.045129,50.04535,240,3225
2022-11-23 23:56:26.160000,50.046695,50.046026,50.044673,50.044861,50.04556375,240,3225
2022-11-23 23:56:26.180000,50.047183,50.045638,50.04434,50.045593,50.0456885,240,3225
2022-11-23 23:56:26.200000,50.047062,50.045785,50.044716,50.044598,50.04554025,240,3225
2022-11-23 23:56:26.220000,50.046616,50.046865,50.045581,50.045458,50.04613,240,3225
2022-11-23 23:56:26.240000,50.045462,50.047052,50.045824,50.046199,50.04613425,240,3225
2022-11-23 23:56:26.260000,50.044019,50.043943,50.045488,50.04656,50.0450025,240,3225
2022-11-23 23:56:26.280000,50.044625,50.041193,50.04532,50.044723,50.04396525,240,3225
2022-11-23 23:56:26.300000,50.046852,50.043561,50.045547,50.046935,50.04572375,240,3225
2022-11-23 23:56:26.320000,50.047402,50.047254,50.045836,50.046268,50.04669,240,3225
2022-11-23 23:56:26.340000,50.046181,50.048467,50.045985,50.046069,50.046675500000006,240,3225
2022-11-23 23:56:26.360000,50.045602,50.047983,50.046279,50.047116,50.046745,240,3225
2022-11-23 23:56:26.380000,50.046045,50.047023,50.046913,50.0455,50.04637025,240,3225
2022-11-23 23:56:26.400000,50.045889,50.046633,50.047716,50.046648,50.046721500000004,240,3225
2022-11-23 23:56:26.420000,50.045339,50.047159,50.047642,50.045981,50.04653025,240,3225
2022-11-23 23:56:26.440000,50.046005,50.048023,50.0468,50.04575,50.0466445,240,3225
2022-11-23 23:56:26.460000,50.04748,50.048354,50.046594,50.046481,50.04722725,240,3225
2022-11-23 23:56:26.480000,50.047797,50.047869,50.046924,50.0475,50.0475225,240,3225
2022-11-23 23:56:26.500000,50.046523,50.047084,50.04709,50.046866,50.046890749999996,240,3225
2022-11-23 23:56:26.520000,50.045533,50.046738,50.046555,50.045903,50.04618225,240,3225
2022-11-23 23:56:26.540000,50.046491,50.046993,50.046304,50.047518,50.0468265,240,3225
2022-11-23 23:56:26.560000,50.047616,50.047366,50.04687,50.046972,50.04720599999999,240,3225
2022-11-23 23:56:26.580000,50.047352,50.048169,50.046997,50.047611,50.04753225,240,3225
2022-11-23 23:56:26.600000,50.046931,50.049038,50.047198,50.046842,50.04750225,240,3225
2022-11-23 23:56:26.620000,50.047263,50.048348,50.047835,50.047491,50.04773425,240,3225
2022-11-23 23:56:26.640000,50.047671,50.046617,50.047888,50.048157,50.04758325,240,3225
2022-11-23 23:56:26.660000,50.047398,50.046196,50.047403,50.047278,50.04706875,240,3225
2022-11-23 23:56:26.680000,50.046899,50.047616,50.047372,50.04813,50.04750425,240,3225
2022-11-23 23:56:26.700000,50.047139,50.048942,50.047397,50.048185,50.047915749999994,240,3225
2022-11-23 23:56:26.720000,50.048115,50.04948,50.047109,50.046028,50.047683000000006,240,3225
2022-11-23 23:56:26.740000,50.047972,50.049391,50.046839,50.048056,50.0480645,240,3225
2022-11-23 23:56:26.760000,50.047261,50.048694,50.047621,50.046953,50.04763225,240,3225
2022-11-23 23:56:26.780000,50.048286,50.047621,50.048474,50.049009,50.048347500000006,240,3225
2022-11-23 23:56:26.800000,50.049296,50.046921,50.048192,50.047944,50.04808825,240,3225
2022-11-23 23:56:26.820000,50.048583,50.047662,50.048333,50.049991,50.04864225000001,240,3225
2022-11-23 23:56:26.840000,50.047829,50.048485,50.049556,50.049167,50.04875925,240,3225
2022-11-23 23:56:26.860000,50.048792,50.047708,50.050133,50.047782,50.04860375,240,3225
2022-11-23 23:56:26.880000,50.05014,50.046807,50.050219,50.049301,50.049116749999996,240,3225
2022-11-23 23:56:26.900000,50.050144,50.047433,50.050255,50.048342,50.049043499999996,240,3225
2022-11-23 23:56:26.920000,50.04981,50.048427,50.049769,50.049121,50.049281750000006,240,3225
2022-11-23 23:56:26.940000,50.050551,50.048834,50.049714,50.049917,50.049754,240,3225
2022-11-23 23:56:26.960000,50.051536,50.048772,50.049725,50.050759,50.050198,240,3225
2022-11-23 23:56:26.980000,50.050671,50.048743,50.049207,50.048528,50.04928725,240,3225
2022-11-23 23:56:27.000000,50.048435,50.049062,50.049489,50.049269,50.04906375,240,3225
2022-11-23 23:56:27.020000,50.048431,50.049227,50.050453,50.049463,50.0493935,240,3225
2022-11-23 23:56:27.040000,50.05025,50.049396,50.050909,50.050092,50.05016175,240,3225
2022-11-23 23:56:27.060000,50.050893,50.050074,50.050885,50.050361,50.05055325,240,3225
2022-11-23 23:56:27.080000,50.050222,50.050771,50.050831,50.050676,50.050625,240,3225
2022-11-23 23:56:27.100000,50.050073,50.050862,50.051138,50.051259,50.050833,240,3225
2022-11-23 23:56:27.120000,50.05087,50.050157,50.051907,50.050935,50.05096725000001,240,3225
2022-11-23 23:56:27.140000,50.051362,50.049545,50.052198,50.050436,50.05088525,240,3225
2022-11-23 23:56:27.160000,50.051144,50.049462,50.051968,50.051648,50.051055500000004,240,3225
2022-11-23 23:56:27.180000,50.050639,50.050032,50.051753,50.05164,50.051016,240,3225
2022-11-23 23:56:27.200000,50.050606,50.050574,50.050955,50.05155,50.050921249999995,240,3225
2022-11-23 23:56:27.220000,50.050546,50.050241,50.05048,50.050422,50.05042225,240,3225
2022-11-23 23:56:27.240000,50.051175,50.049314,50.050687,50.05125,50.05060650000001,240,3225
2022-11-23 23:56:27.260000,50.052448,50.048939,50.050726,50.051297,50.0508525,240,3225
2022-11-23 23:56:27.280000,50.052379,50.050037,50.050567,50.05,50.050745750000004,240,3225
2022-11-23 23:56:27.300000,50.051347,50.051472,50.050867,50.051916,50.0514005,240,3225
2022-11-23 23:56:27.320000,50.050667,50.051723,50.05097,50.051815,50.05129375,240,3225
2022-11-23 23:56:27.340000,50.050847,50.051361,50.051157,50.051898,50.05131575,240,3225
2022-11-23 23:56:27.360000,50.051889,50.050866,50.051363,50.052787,50.05172625,240,3225
2022-11-23 23:56:27.380000,50.0525,50.050532,50.051874,50.052001,50.05172674999999,240,3225
2022-11-23 23:56:27.400000,50.052366,50.0515,50.052962,50.053148,50.052493999999996,240,3225
2022-11-23 23:56:27.420000,50.051907,50.053088,50.052877,50.052407,50.05256975,240,3225
2022-11-23 23:56:27.440000,50.051842,50.05344,50.051582,50.050908,50.051943,240,3225
2022-11-23 23:56:27.460000,50.05202,50.052555,50.050954,50.051555,50.051771,240,3225
2022-11-23 23:56:27.480000,50.051613,50.051898,50.05125,50.051361,50.0515305,240,3225
2022-11-23 23:56:27.500000,50.050881,50.051663,50.051166,50.051565,50.05131874999999,240,3225
2022-11-23 23:56:27.520000,50.051268,50.050787,50.051049,50.052056,50.05129,240,3225
2022-11-23 23:56:27.540000,50.052305,50.050644,50.05092,50.050731,50.05114999999999,240,3225
2022-11-23 23:56:27.560000,50.052116,50.051055,50.050829,50.051343,50.05133575,240,3225
2022-11-23 23:56:27.580000,50.051055,50.050431,50.051129,50.051036,50.05091275,240,3225
2022-11-23 23:56:27.600000,50.050639,50.049459,50.051241,50.051056,50.050598750000006,240,3225
2022-11-23 23:56:27.620000,50.051037,50.050305,50.050146,50.050852,50.050585,240,3225
2022-11-23 23:56:27.640000,50.051501,50.051416,50.049514,50.051769,50.051050000000004,240,3225
2022-11-23 23:56:27.660000,50.051236,50.051556,50.050461,50.052389,50.0514105,240,3225
2022-11-23 23:56:27.680000,50.050981,50.052028,50.051371,50.052046,50.0516065,240,3225
2022-11-23 23:56:27.700000,50.051385,50.052208,50.051538,50.051171,50.0515755,240,3225
2022-11-23 23:56:27.720000,50.051695,50.051704,50.051423,50.050635,50.05136425,240,3225
2022-11-23 23:56:27.740000,50.051588,50.051532,50.051284,50.052083,50.05162175,240,3225
2022-11-23 23:56:27.760000,50.05168,50.052139,50.051461,50.05169,50.0517425,240,3225
2022-11-23 23:56:27.780000,50.051963,50.052829,50.051291,50.051569,50.051913,240,3225
2022-11-23 23:56:27.800000,50.051459,50.053148,50.051215,50.052203,50.05200625,240,3225
2022-11-23 23:56:27.820000,50.050755,50.052939,50.051533,50.051759,50.0517465,240,3225
2022-11-23 23:56:27.840000,50.051459,50.052393,50.051762,50.051546,50.051790000000004,240,3225
2022-11-23 23:56:27.860000,50.0525,50.051862,50.05185,50.052797,50.05225225,240,3225
2022-11-23 23:56:27.880000,50.052616,50.051654,50.051921,50.051379,50.0518925,240,3225
2022-11-23 23:56:27.900000,50.053,50.051583,50.05215,50.052611,50.052336,240,3225
2022-11-23 23:56:27.920000,50.052635,50.051764,50.052458,50.053214,50.05251775,240,3225
2022-11-23 23:56:27.940000,50.050842,50.05194,50.052443,50.051,50.051556250000004,240,3225
2022-11-23 23:56:27.960000,50.051163,50.051788,50.052419,50.052463,50.05195825,240,3225
2022-11-23 23:56:27.980000,50.052532,50.051643,50.052118,50.051722,50.05200375,240,3225
2022-11-23 23:56:28.000000,50.051837,50.051939,50.051875,50.051792,50.05186075,240,3225
2022-11-23 23:56:28.020000,50.051342,50.052305,50.051979,50.051292,50.05172949999999,240,3225
2022-11-23 23:56:28.040000,50.051935,50.052394,50.052609,50.051768,50.0521765,240,3225
2022-11-23 23:56:28.060000,50.051755,50.051894,50.053048,50.052093,50.05219749999999,240,3225
2022-11-23 23:56:28.080000,50.05106,50.051621,50.052616,50.050537,50.051458499999995,240,3225
2022-11-23 23:56:28.100000,50.051366,50.051643,50.052889,50.051954,50.051963,240,3225
2022-11-23 23:56:28.120000,50.05206,50.051894,50.053351,50.0525,50.05245125,240,3225
2022-11-23 23:56:28.140000,50.052723,50.052634,50.053154,50.051672,50.05254575,240,3225
2022-11-23 23:56:28.160000,50.052823,50.053088,50.053052,50.051639,50.0526505,240,3225
2022-11-23 23:56:28.180000,50.052435,50.053222,50.052724,50.05307,50.05286275,240,3225
2022-11-23 23:56:28.200000,50.052084,50.053008,50.052481,50.052222,50.05244875,240,3225
2022-11-23 23:56:28.220000,50.052379,50.052231,50.052275,50.052505,50.0523475,240,3225
2022-11-23 23:56:28.240000,50.052657,50.051417,50.052104,50.053347,50.05238125,240,3225
2022-11-23 23:56:28.260000,50.052606,50.052079,50.052303,50.0515,50.052122,240,3225
2022-11-23 23:56:28.280000,50.052773,50.053607,50.052351,50.053324,50.05301375,240,3225
2022-11-23 23:56:28.300000,50.052477,50.053268,50.0525,50.051945,50.0525475,240,3225
2022-11-23 23:56:28.320000,50.051865,50.051254,50.052501,50.053079,50.05217475,240,3225
2022-11-23 23:56:28.340000,50.052107,50.050546,50.052485,50.052481,50.05190475,240,3225
2022-11-23 23:56:28.360000,50.052815,50.051713,50.052781,50.054051,50.05284,240,3225
2022-11-23 23:56:28.380000,50.053333,50.052944,50.052801,50.052621,50.05292475,240,3225
2022-11-23 23:56:28.400000,50.053038,50.053675,50.05294,50.053056,50.05317725,240,3225
2022-11-23 23:56:28.420000,50.051125,50.053903,50.053387,50.052945,50.052839999999996,240,3225
2022-11-23 23:56:28.440000,50.050036,50.052936,50.054098,50.053019,50.05252225,240,3225
2022-11-23 23:56:28.460000,50.051639,50.052097,50.054371,50.053347,50.0528635,240,3225
2022-11-23 23:56:28.480000,50.052875,50.052361,50.05354,50.053408,50.053045999999995,240,3225
2022-11-23 23:56:28.500000,50.052473,50.052972,50.052826,50.053125,50.052849,240,3225
2022-11-23 23:56:28.520000,50.052457,50.052875,50.052768,50.052088,50.052547,240,3225
2022-11-23 23:56:28.540000,50.053187,50.052347,50.052629,50.052612,50.05269375,240,3225
2022-11-23 23:56:28.560000,50.053407,50.052482,50.052512,50.05294,50.05283525,240,3225
2022-11-23 23:56:28.580000,50.052932,50.052652,50.05274,50.052634,50.0527395,240,3225
2022-11-23 23:56:28.600000,50.05237,50.052603,50.052604,50.053046,50.05265575,240,3225
2022-11-23 23:56:28.620000,50.052865,50.053306,50.052505,50.052394,50.052767499999995,240,3225
2022-11-23 23:56:28.640000,50.053662,50.054519,50.052699,50.053717,50.05364925,240,3225
2022-11-23 23:56:28.660000,50.053389,50.054629,50.052834,50.054437,50.05382225,240,3225
2022-11-23 23:56:28.680000,50.05293,50.053579,50.052849,50.05306,50.0531045,240,3225
2022-11-23 23:56:28.700000,50.053569,50.052814,50.053106,50.054048,50.05338425,240,3225
2022-11-23 23:56:28.720000,50.053528,50.053223,50.05307,50.05276,50.05314525,240,3225
2022-11-23 23:56:28.740000,50.052195,50.053912,50.052543,50.051954,50.052651,240,3225
2022-11-23 23:56:28.760000,50.052241,50.053768,50.052096,50.052934,50.05275975,240,3225
2022-11-23 23:56:28.780000,50.053534,50.053005,50.052194,50.053329,50.053015499999994,240,3225
2022-11-23 23:56:28.800000,50.053506,50.052464,50.0525,50.052203,50.052668249999996,240,3225
2022-11-23 23:56:28.820000,50.053006,50.052944,50.052691,50.052666,50.05282675000001,240,3225
2022-11-23 23:56:28.840000,50.053939,50.054041,50.053477,50.052772,50.05355725,240,3225
2022-11-23 23:56:28.860000,50.054815,50.054527,50.054202,50.053751,50.05432375,240,3225
2022-11-23 23:56:28.880000,50.054375,50.054537,50.053645,50.054984,50.054385249999996,240,3225
2022-11-23 23:56:28.900000,50.053422,50.054365,50.052665,50.052646,50.0532745,240,3225
2022-11-23 23:56:28.920000,50.053259,50.054102,50.052769,50.054312,50.0536105,240,3225
2022-11-23 23:56:28.940000,50.054315,50.054056,50.054058,50.052756,50.053796250000005,240,3225
2022-11-23 23:56:28.960000,50.054912,50.054268,50.056145,50.054719,50.055011,240,3225
2022-11-23 23:56:28.980000,50.054083,50.054963,50.057157,50.053072,50.054818749999995,240,3225
2022-11-23 23:56:29.000000,50.052898,50.056324,50.056231,50.053072,50.05463125,240,3225
2022-11-23 23:56:29.020000,50.052948,50.057106,50.054558,50.054428,50.054759999999995,240,3225
2022-11-23 23:56:29.040000,50.052922,50.055953,50.053444,50.054044,50.05409075000001,240,3225
2022-11-23 23:56:29.060000,50.05243,50.054509,50.053288,50.05261,50.05320925000001,240,3225
2022-11-23 23:56:29.080000,50.052301,50.054621,50.0535,50.053213,50.053408749999996,240,3225
2022-11-23 23:56:29.100000,50.052792,50.054648,50.053783,50.053203,50.0536065,240,3225
2022-11-23 23:56:29.120000,50.053842,50.054759,50.054053,50.053296,50.053987500000005,240,3225
2022-11-23 23:56:29.140000,50.054236,50.055533,50.053791,50.0532,50.05419,240,3225
2022-11-23 23:56:29.160000,50.053439,50.055736,50.053505,50.054192,50.054218,240,3225
2022-11-23 23:56:29.180000,50.053584,50.054898,50.053527,50.053865,50.0539685,240,3225
2022-11-23 23:56:29.200000,50.054736,50.054019,50.053837,50.05405,50.0541605,240,3225
2022-11-23 23:56:29.220000,50.054536,50.054237,50.054288,50.053457,50.0541295,240,3225
2022-11-23 23:56:29.240000,50.053959,50.054731,50.054801,50.054733,50.054556,240,3225
2022-11-23 23:56:29.260000,50.054787,50.054467,50.055199,50.054453,50.054726499999994,240,3225
2022-11-23 23:56:29.280000,50.055292,50.05357,50.055443,50.056246,50.05513775,240,3225
2022-11-23 23:56:29.300000,50.05451,50.053292,50.055344,50.055427,50.05464325,240,3225
2022-11-23 23:56:29.320000,50.054041,50.054353,50.055429,50.054415,50.0545595,240,3225
2022-11-23 23:56:29.340000,50.054573,50.055629,50.055781,50.056258,50.05556025,240,3225
2022-11-23 23:56:29.360000,50.055213,50.055852,50.055595,50.055682,50.05558549999999,240,3225
2022-11-23 23:56:29.380000,50.054973,50.055115,50.054956,50.0543,50.054835999999995,240,3225
2022-11-23 23:56:29.400000,50.054115,50.05475,50.054739,50.05518,50.05469600000001,240,3225
2022-11-23 23:56:29.420000,50.054342,50.055106,50.055328,50.055536,50.055078,240,3225
2022-11-23 23:56:29.440000,50.055764,50.055666,50.055753,50.054721,50.055476000000006,240,3225
2022-11-23 23:56:29.460000,50.056149,50.056181,50.055844,50.055982,50.056039,240,3225
2022-11-23 23:56:29.480000,50.055286,50.056769,50.056085,50.057788,50.056482,240,3225
2022-11-23 23:56:29.500000,50.055514,50.057283,50.056575,50.055279,50.05616275,240,3225
2022-11-23 23:56:29.520000,50.056907,50.056786,50.057231,50.056372,50.056824000000006,240,3225
2022-11-23 23:56:29.540000,50.057621,50.05557,50.057011,50.056646,50.056712000000005,240,3225
2022-11-23 23:56:29.560000,50.056713,50.055403,50.05593,50.055581,50.05590675,240,3225
2022-11-23 23:56:29.580000,50.055467,50.056765,50.056073,50.056081,50.0560965,240,3225
2022-11-23 23:56:29.600000,50.055662,50.057439,50.057548,50.057256,50.05697625,240,3225
2022-11-23 23:56:29.620000,50.05707,50.056689,50.058102,50.057212,50.05726825,240,3225
2022-11-23 23:56:29.640000,50.057463,50.055717,50.057723,50.056644,50.056886750000004,240,3225
2022-11-23 23:56:29.660000,50.057639,50.056176,50.057351,50.05696,50.0570315,240,3225
2022-11-23 23:56:29.680000,50.058833,50.05758,50.056989,50.057379,50.05769525,240,3225
2022-11-23 23:56:29.700000,50.059084,50.057889,50.056121,50.059027,50.05803025,240,3225
2022-11-23 23:56:29.720000,50.057889,50.057638,50.055573,50.056361,50.05686525,240,3225
2022-11-23 23:56:29.740000,50.057128,50.057713,50.056443,50.058629,50.05747825,240,3225
2022-11-23 23:56:29.760000,50.057639,50.057116,50.0581,50.057352,50.05755175,240,3225
2022-11-23 23:56:29.780000,50.058463,50.056496,50.059063,50.058768,50.058197500000006,240,3225
2022-11-23 23:56:29.800000,50.058931,50.057208,50.059432,50.058023,50.058398499999996,240,3225
2022-11-23 23:56:29.820000,50.059115,50.058365,50.059153,50.058644,50.05881925,240,3225
2022-11-23 23:56:29.840000,50.058466,50.058491,50.058505,50.059416,50.058719499999995,240,3225
2022-11-23 23:56:29.860000,50.057555,50.058116,50.058446,50.058468,50.05814625,240,3225
2022-11-23 23:56:29.880000,50.05781,50.05763,50.058363,50.059167,50.058242500000006,240,3225
2022-11-23 23:56:29.900000,50.059074,50.057806,50.058158,50.057921,50.05823975,240,3225
2022-11-23 23:56:29.920000,50.059647,50.058879,50.058072,50.059611,50.05905225,240,3225
2022-11-23 23:56:29.940000,50.058658,50.059884,50.057943,50.058023,50.058626999999994,240,3225
2022-11-23 23:56:29.960000,50.058371,50.059926,50.057801,50.058204,50.0585755,240,3225
2022-11-23 23:56:29.980000,50.059037,50.059472,50.058116,50.059463,50.059022,240,3225
2022-11-23 23:56:30.000000,50.05837,50.058963,50.058441,50.058607,50.058595249999996,240,3225
2022-11-23 23:56:30.020000,50.057713,50.058746,50.058669,50.058611,50.05843475,240,3225
2022-11-23 23:56:30.040000,50.058514,50.058653,50.059239,50.058676,50.058770499999994,240,3225
2022-11-23 23:56:30.060000,50.058851,50.058634,50.059682,50.057847,50.0587535,240,3225
2022-11-23 23:56:30.080000,50.058469,50.058422,50.059347,50.059153,50.058847750000005,240,3225
2022-11-23 23:56:30.100000,50.058803,50.058028,50.058267,50.057926,50.058256,240,3225
2022-11-23 23:56:30.120000,50.059478,50.058014,50.057636,50.057931,50.05826475,240,3225
2022-11-23 23:56:30.140000,50.059337,50.058222,50.058133,50.059166,50.0587145,240,3225
2022-11-23 23:56:30.160000,50.05869,50.058185,50.058689,50.059963,50.058881750000005,240,3225
2022-11-23 23:56:30.180000,50.058968,50.058445,50.059191,50.058787,50.05884775,240,3225
2022-11-23 23:56:30.200000,50.059255,50.059106,50.059643,50.059546,50.0593875,240,3225
2022-11-23 23:56:30.220000,50.058888,50.059546,50.060031,50.059018,50.05937075000001,240,3225
2022-11-23 23:56:30.240000,50.058709,50.059242,50.060133,50.058787,50.05921775,240,3225
2022-11-23 23:56:30.260000,50.059102,50.058476,50.059638,50.060593,50.05945225000001,240,3225
2022-11-23 23:56:30.280000,50.05987,50.058394,50.058738,50.059824,50.059206499999995,240,3225
2022-11-23 23:56:30.300000,50.060073,50.058888,50.058584,50.059333,50.059219500000005,240,3225
2022-11-23 23:56:30.320000,50.059519,50.058889,50.059266,50.059806,50.05937,240,3225
2022-11-23 23:56:30.340000,50.058755,50.058486,50.059804,50.06013,50.05929375000001,240,3225
2022-11-23 23:56:30.360000,50.059126,50.058745,50.059841,50.058898,50.0591525,240,3225
2022-11-23 23:56:30.380000,50.060045,50.059214,50.059943,50.060583,50.05994625,240,3225
2022-11-23 23:56:30.400000,50.059857,50.059159,50.060352,50.060407,50.05994375,240,3225
2022-11-23 23:56:30.420000,50.059408,50.059473,50.060806,50.06012,50.059951749999996,240,3225
2022-11-23 23:56:30.440000,50.060074,50.06018,50.060564,50.060408,50.060306499999996,240,3225
2022-11-23 23:56:30.460000,50.060449,50.060069,50.060346,50.060139,50.06025075,240,3225
2022-11-23 23:56:30.480000,50.060083,50.059653,50.060009,50.060074,50.05995475,240,3225
2022-11-23 23:56:30.500000,50.059297,50.059102,50.058913,50.06049,50.0594505,240,3225
2022-11-23 23:56:30.520000,50.059246,50.059166,50.058614,50.058473,50.05887475,240,3225
2022-11-23 23:56:30.540000,50.060573,50.060379,50.059511,50.059778,50.06006024999999,240,3225
2022-11-23 23:56:30.560000,50.061185,50.061097,50.060716,50.059944,50.0607355,240,3225
2022-11-23 23:56:30.580000,50.060187,50.060468,50.060877,50.060991,50.06063075,240,3225
2022-11-23 23:56:30.600000,50.059765,50.059339,50.060804,50.060028,50.059984,240,3225
2022-11-23 23:56:30.620000,50.061319,50.058973,50.061038,50.058769,50.06002475,240,3225
2022-11-23 23:56:30.640000,50.061579,50.059796,50.06089,50.059833,50.0605245,240,3225
2022-11-23 23:56:30.660000,50.060005,50.060472,50.059835,50.060555,50.060216749999995,240,3225
2022-11-23 23:56:30.680000,50.060149,50.060857,50.059372,50.06001,50.060097,240,3225
2022-11-23 23:56:30.700000,50.061031,50.060564,50.060508,50.060296,50.060599749999994,240,3225
2022-11-23 23:56:30.720000,50.060809,50.059981,50.061437,50.062083,50.0610775,240,3225
2022-11-23 23:56:30.740000,50.060982,50.06019,50.060841,50.060787,50.060700000000004,240,3225
2022-11-23 23:56:30.760000,50.06219,50.060778,50.060304,50.061004,50.061068999999996,240,3225
2022-11-23 23:56:30.780000,50.062884,50.06132,50.060802,50.061486,50.061623,240,3225
2022-11-23 23:56:30.800000,50.06188,50.062061,50.061421,50.061685,50.06176175,240,3225
2022-11-23 23:56:30.820000,50.060486,50.061912,50.061891,50.062528,50.061704250000005,240,3225
2022-11-23 23:56:30.840000,50.060959,50.060499,50.062173,50.061787,50.0613545,240,3225
2022-11-23 23:56:30.860000,50.062494,50.059722,50.062127,50.060954,50.061324250000006,240,3225
2022-11-23 23:56:30.880000,50.063056,50.060292,50.061945,50.061842,50.061783750000004,240,3225
2022-11-23 23:56:30.900000,50.062588,50.060958,50.062212,50.061361,50.06177975000001,240,3225
2022-11-23 23:56:30.920000,50.062746,50.061213,50.062108,50.060824,50.06172275,240,3225
2022-11-23 23:56:30.940000,50.06314,50.060917,50.061141,50.061222,50.061605,240,3225
2022-11-23 23:56:30.960000,50.062323,50.060751,50.060777,50.06213,50.06149525,240,3225
2022-11-23 23:56:30.980000,50.06134,50.06132,50.061033,50.061111,50.061201,240,3225
